       0     0.000000
      10     0.000000
      20     0.000000
      30     0.000000
      40     0.000000
      50     0.000000
      60     0.000000
      70     0.000000
      80     0.000000
      90     0.000000
     100     0.000000
     110     0.000000
     120     0.000000
     130     0.000000
     140     0.000000
     150     0.000000
     160     0.000000
     170     0.000000
     180     0.000000
     190     0.000000
     200     0.000000
     210     0.000000
     220     0.000000
     230     0.000000
     240     0.000000
     250     0.000000
     260     0.000000
     270     0.000000
     280     0.000000
     290     0.000000
     300     0.000000
     310     0.000000
     320     0.000000
     330     0.000000
     340     0.000000
     350     0.000000
     360     0.000000
     370     0.000000
     380     0.000000
     390     0.000000
     400     0.000000
     410     0.000000
     420     0.000000
     430     0.000000
     440     0.000000
     450     0.000000
     460     0.000000
     470     0.000000
     480     0.000000
     490     0.000000
     500     0.000000
     510     0.000000
     520     0.000000
     530     0.000000
     540     0.000000
     550     0.000000
     560     0.000000
     570     0.000000
     580     0.000000
     590     0.000000
     600     0.000000
     610     0.000000
     620     0.000000
     630     0.000000
     640     0.000000
     650     0.000000
     660     0.000000
     670     0.000000
     680     0.000000
     690     0.000000
     700     0.000000
     710     0.000000
     720     0.000000
     730     0.000000
     740     0.000000
     750     0.000000
     760     0.000000
     770     0.000000
     780     0.000000
     790     0.000000
     800     0.000000
     810     0.000000
     820     0.000000
     830     0.000000
     840     0.000000
     850     0.000000
     860     0.000000
     870     0.000000
     880     0.000000
     890     0.000000
     900     0.000000
     910     0.000000
     920     0.000000
     930     0.000000
     940     0.000000
     950     0.000000
     960     0.000000
     970     0.000000
     980     0.000000
     990     0.000000
    1000     0.000000
    1010     0.000000
    1020     0.000000
    1030     0.000000
    1040     0.000000
    1050     0.000000
    1060     0.000000
    1070     0.000000
    1080     0.000000
    1090     0.000000
    1100     0.000000
    1110     0.000000
    1120     0.000000
    1130     0.000000
    1140     0.000000
    1150     0.000000
    1160     0.000000
    1170     0.000000
    1180     0.000000
    1190     0.000000
    1200     0.000000
    1210     0.000000
    1220     0.000000
    1230     0.000000
    1240     0.000000
    1250     0.000000
    1260     0.000000
    1270     0.000000
    1280     0.000000
    1290     0.000000
    1300     0.000000
    1310     0.000000
    1320     0.000000
    1330     0.000000
    1340     0.000000
    1350     0.000000
    1360     0.000000
    1370     0.000000
    1380     0.000000
    1390     0.000000
    1400     0.000000
    1410     0.000000
    1420     0.000000
    1430     0.000000
    1440     0.000000
    1450     0.000000
    1460     0.000000
    1470     0.000000
    1480     0.000000
    1490     0.000000
    1500     0.000000
    1510     0.000000
    1520     0.000000
    1530     0.000000
    1540     0.000000
    1550     0.000000
    1560     0.000000
    1570     0.000000
    1580     0.000000
    1590     0.000000
    1600     0.000000
    1610     0.000000
    1620     0.000000
    1630     0.000000
    1640     0.000000
    1650     0.000000
    1660     0.000000
    1670     0.000000
    1680     0.000000
    1690     0.000000
    1700     0.000000
    1710     0.000000
    1720     0.000000
    1730     0.000000
    1740     0.000000
    1750     0.000000
    1760     0.000000
    1770     0.000000
    1780     0.000000
    1790     0.000000
    1800     0.000000
    1810     0.000000
    1820     0.000000
    1830     0.000000
    1840     0.000000
    1850     0.000000
    1860     0.000000
    1870     0.000000
    1880     0.000000
    1890     0.000000
    1900     0.000000
    1910     0.000000
    1920     0.000000
    1930     0.000000
    1940     0.000000
    1950     0.000000
    1960     0.000000
    1970     0.000000
    1980     0.000000
    1990     0.000000
    2000     0.000000
    2010     0.000000
    2020     0.000000
    2030     0.000000
    2040     0.000000
    2050     0.000000
    2060     0.000000
    2070     0.000000
    2080     0.000000
    2090     0.000000
    2100     0.000000
    2110     0.000000
    2120     0.000000
    2130     0.000000
    2140     0.000000
    2150     0.000000
    2160     0.000000
    2170     0.000000
    2180     0.000000
    2190     0.000000
    2200     0.000000
    2210     0.000000
    2220     0.000000
    2230     0.000000
    2240     0.000000
    2250     0.000000
    2260     0.000000
    2270     0.000000
    2280     0.000000
    2290     0.000000
    2300     0.000000
    2310     0.000000
    2320     0.000000
    2330     0.000000
    2340     0.000000
    2350     0.000000
    2360     0.000000
    2370     0.000000
    2380     0.000000
    2390     0.000000
    2400     0.000000
    2410     0.000000
    2420     0.000000
    2430     0.000000
    2440     0.000000
    2450     0.000000
    2460     0.000000
    2470     0.000000
    2480     0.000000
    2490     0.000000
    2500     0.000000
    2510     0.000000
    2520     0.000000
    2530     0.000000
    2540     0.000000
    2550     0.000000
    2560     0.000000
    2570     0.000000
    2580     0.000000
    2590     0.000000
    2600     0.000000
    2610     0.000000
    2620     0.000000
    2630     0.000000
    2640     0.000000
    2650     0.000000
    2660     0.000000
    2670     0.000000
    2680     0.000000
    2690     0.000000
    2700     0.000000
    2710     0.000000
    2720     0.000000
    2730     0.000000
    2740     0.000000
    2750     0.000000
    2760     0.000000
    2770     0.000000
    2780     0.000000
    2790     0.000000
    2800     0.000000
    2810     0.000000
    2820     0.000000
    2830     0.000000
    2840     0.000000
    2850     0.000000
    2860     0.000000
    2870     0.000000
    2880     0.000000
    2890     0.000000
    2900     0.000000
    2910     0.000000
    2920     0.000000
    2930     0.000000
    2940     0.000000
    2950     0.000000
    2960     0.000000
    2970     0.000000
    2980     0.000000
    2990     0.000000
    3000     0.000000
    3010     0.000000
    3020     0.000000
    3030     0.000000
    3040     0.000000
    3050     0.000000
    3060     0.000000
    3070     0.000000
    3080     0.000000
    3090     0.000000
    3100     0.000000
    3110     0.000000
    3120     0.000000
    3130     0.000000
    3140     0.000000
    3150     0.000000
    3160     0.000000
    3170     0.000000
    3180     0.000000
    3190     0.000000
    3200     0.000000
    3210     0.000000
    3220     0.000000
    3230     0.000000
    3240     0.000000
    3250     0.000000
    3260     0.000000
    3270     0.000000
    3280     0.000000
    3290     0.000000
    3300     0.000000
    3310     0.000000
    3320     0.000000
    3330     0.000000
    3340     0.000000
    3350     0.000000
    3360     0.000000
    3370     0.000000
    3380     0.000000
    3390     0.000000
    3400     0.000000
    3410     0.000000
    3420     0.000000
    3430     0.000000
    3440     0.000000
    3450     0.000000
    3460     0.000000
    3470     0.000000
    3480     0.000000
    3490     0.000000
    3500     0.000000
    3510     0.000000
    3520     0.000000
    3530     0.000000
    3540     0.000000
    3550     0.000000
    3560     0.000000
    3570     0.000000
    3580     0.000000
    3590     0.000000
    3600     0.000000
    3610     0.000000
    3620     0.000000
    3630     0.000000
    3640     0.000000
    3650     0.000000
    3660     0.000000
    3670     0.000000
    3680     0.000000
    3690     0.000000
    3700     0.000000
    3710     0.000000
    3720     0.000000
    3730     0.000000
    3740     0.000000
    3750     0.000000
    3760     0.000000
    3770     0.000000
    3780     0.000000
    3790     0.000000
    3800     0.000000
    3810     0.000000
    3820     0.000000
    3830     0.000000
    3840     0.000000
    3850     0.000000
    3860     0.000000
    3870     0.000000
    3880     0.000000
    3890     0.000000
    3900     0.000000
    3910     0.000000
    3920     0.000000
    3930     0.000000
    3940     0.000000
    3950     0.000000
    3960     0.000000
    3970     0.000000
    3980     0.000000
    3990     0.000000
    4000     0.000000
    4010     0.000000
    4020     0.000000
    4030     0.000000
    4040     0.000000
    4050     0.000000
    4060     0.000000
    4070     0.000000
    4080     0.000000
    4090     0.000000
    4100     0.000000
    4110     0.000000
    4120     0.000000
    4130     0.000000
    4140     0.000000
    4150     0.000000
    4160     0.000000
    4170     0.000000
    4180     0.000000
    4190     0.000000
    4200     0.000000
    4210     0.000000
    4220     0.000000
    4230     0.000000
    4240     0.000000
    4250     0.000000
    4260     0.000000
    4270     0.000000
    4280     0.000000
    4290     0.000000
    4300     0.000000
    4310     0.000000
    4320     0.000000
    4330     0.000000
    4340     0.000000
    4350     0.000000
    4360     0.000000
    4370     0.000000
    4380     0.000000
    4390     0.000000
    4400     0.000000
    4410     0.000000
    4420     0.000000
    4430     0.000000
    4440     0.000000
    4450     0.000000
    4460     0.000000
    4470     0.000000
    4480     0.000000
    4490     0.000000
    4500     0.000000
    4510     0.000000
    4520     0.000000
    4530     0.000000
    4540     0.000000
    4550     0.000000
    4560     0.000000
    4570     0.000000
    4580     0.000000
    4590     0.000000
    4600     0.000000
    4610     0.000000
    4620     0.000000
    4630     0.000000
    4640     0.000000
    4650     0.000000
    4660     0.000000
    4670     0.000000
    4680     0.000000
    4690     0.000000
    4700     0.000000
    4710     0.000000
    4720     0.000000
    4730     0.000000
    4740     0.000000
    4750     0.000000
    4760     0.000000
    4770     0.000000
    4780     0.000000
    4790     0.000000
    4800     0.000000
    4810     0.000000
    4820     0.000000
    4830     0.000000
    4840     0.000000
    4850     0.000000
    4860     0.000000
    4870     0.000000
    4880     0.000000
    4890     0.000000
    4900     0.000000
    4910     0.000000
    4920     0.000000
    4930     0.000000
    4940     0.000000
    4950     0.000000
    4960     0.000000
    4970     0.000000
    4980     0.000000
    4990     0.000000
    5000     0.000000
    5010     0.000000
    5020     0.000000
    5030     0.000000
    5040     0.000000
    5050     0.000000
    5060     0.000000
    5070     0.000000
    5080     0.000000
    5090     0.000000
    5100     0.000000
    5110     0.000000
    5120     0.000000
    5130     0.000000
    5140     0.000000
    5150     0.000000
    5160     0.000000
    5170     0.000000
    5180     0.000000
    5190     0.000000
    5200     0.000000
    5210     0.000000
    5220     0.000000
    5230     0.000000
    5240     0.000000
    5250     0.000000
    5260     0.000000
    5270     0.000000
    5280     0.000000
    5290     0.000000
    5300     0.000000
    5310     0.000000
    5320     0.000000
    5330     0.000000
    5340     0.000000
    5350     0.000000
    5360     0.000000
    5370     0.000000
    5380     0.000000
    5390     0.000000
    5400     0.000000
    5410     0.000000
    5420     0.000000
    5430     0.000000
    5440     0.000000
    5450     0.000000
    5460     0.000000
    5470     0.000000
    5480     0.000000
    5490     0.000000
    5500     0.000000
    5510     0.000000
    5520     0.000000
    5530     0.000000
    5540     0.000000
    5550     0.000000
    5560     0.000000
    5570     0.000000
    5580     0.000001
    5590     0.000001
    5600     0.000001
    5610     0.000001
    5620     0.000001
    5630     0.000001
    5640     0.000001
    5650     0.000001
    5660     0.000001
    5670     0.000001
    5680     0.000001
    5690     0.000001
    5700     0.000001
    5710     0.000001
    5720     0.000001
    5730     0.000001
    5740     0.000001
    5750     0.000001
    5760     0.000001
    5770     0.000001
    5780     0.000001
    5790     0.000001
    5800     0.000001
    5810     0.000001
    5820     0.000001
    5830     0.000001
    5840     0.000001
    5850     0.000002
    5860     0.000002
    5870     0.000002
    5880     0.000002
    5890     0.000002
    5900     0.000002
    5910     0.000002
    5920     0.000002
    5930     0.000002
    5940     0.000002
    5950     0.000003
    5960     0.000003
    5970     0.000003
    5980     0.000003
    5990     0.000003
    6000     0.000003
    6010     0.000003
    6020     0.000003
    6030     0.000003
    6040     0.000003
    6050     0.000003
    6060     0.000003
    6070     0.000003
    6080     0.000004
    6090     0.000004
    6100     0.000004
    6110     0.000004
    6120     0.000004
    6130     0.000004
    6140     0.000004
    6150     0.000005
    6160     0.000005
    6170     0.000005
    6180     0.000005
    6190     0.000005
    6200     0.000006
    6210     0.000006
    6220     0.000006
    6230     0.000006
    6240     0.000007
    6250     0.000007
    6260     0.000007
    6270     0.000007
    6280     0.000008
    6290     0.000008
    6300     0.000008
    6310     0.000008
    6320     0.000008
    6330     0.000009
    6340     0.000009
    6350     0.000009
    6360     0.000009
    6370     0.000009
    6380     0.000010
    6390     0.000010
    6400     0.000010
    6410     0.000010
    6420     0.000011
    6430     0.000011
    6440     0.000011
    6450     0.000012
    6460     0.000012
    6470     0.000012
    6480     0.000013
    6490     0.000013
    6500     0.000014
    6510     0.000014
    6520     0.000015
    6530     0.000016
    6540     0.000016
    6550     0.000017
    6560     0.000017
    6570     0.000018
    6580     0.000018
    6590     0.000019
    6600     0.000020
    6610     0.000020
    6620     0.000021
    6630     0.000021
    6640     0.000022
    6650     0.000022
    6660     0.000023
    6670     0.000024
    6680     0.000024
    6690     0.000025
    6700     0.000025
    6710     0.000026
    6720     0.000026
    6730     0.000027
    6740     0.000027
    6750     0.000028
    6760     0.000029
    6770     0.000029
    6780     0.000030
    6790     0.000031
    6800     0.000031
    6810     0.000032
    6820     0.000033
    6830     0.000034
    6840     0.000034
    6850     0.000035
    6860     0.000036
    6870     0.000037
    6880     0.000038
    6890     0.000039
    6900     0.000040
    6910     0.000041
    6920     0.000042
    6930     0.000044
    6940     0.000045
    6950     0.000046
    6960     0.000047
    6970     0.000049
    6980     0.000050
    6990     0.000051
    7000     0.000053
    7010     0.000054
    7020     0.000055
    7030     0.000057
    7040     0.000058
    7050     0.000060
    7060     0.000061
    7070     0.000063
    7080     0.000064
    7090     0.000065
    7100     0.000067
    7110     0.000068
    7120     0.000070
    7130     0.000072
    7140     0.000073
    7150     0.000075
    7160     0.000076
    7170     0.000078
    7180     0.000079
    7190     0.000081
    7200     0.000082
    7210     0.000084
    7220     0.000086
    7230     0.000087
    7240     0.000089
    7250     0.000090
    7260     0.000092
    7270     0.000094
    7280     0.000095
    7290     0.000097
    7300     0.000099
    7310     0.000101
    7320     0.000102
    7330     0.000104
    7340     0.000106
    7350     0.000108
    7360     0.000110
    7370     0.000112
    7380     0.000113
    7390     0.000115
    7400     0.000117
    7410     0.000119
    7420     0.000121
    7430     0.000123
    7440     0.000126
    7450     0.000128
    7460     0.000130
    7470     0.000132
    7480     0.000134
    7490     0.000137
    7500     0.000139
    7510     0.000141
    7520     0.000143
    7530     0.000146
    7540     0.000148
    7550     0.000151
    7560     0.000153
    7570     0.000156
    7580     0.000158
    7590     0.000161
    7600     0.000163
    7610     0.000166
    7620     0.000168
    7630     0.000171
    7640     0.000174
    7650     0.000176
    7660     0.000179
    7670     0.000182
    7680     0.000185
    7690     0.000187
    7700     0.000190
    7710     0.000193
    7720     0.000196
    7730     0.000198
    7740     0.000201
    7750     0.000204
    7760     0.000207
    7770     0.000210
    7780     0.000213
    7790     0.000216
    7800     0.000219
    7810     0.000222
    7820     0.000225
    7830     0.000227
    7840     0.000230
    7850     0.000233
    7860     0.000236
    7870     0.000239
    7880     0.000242
    7890     0.000245
    7900     0.000248
    7910     0.000251
    7920     0.000254
    7930     0.000257
    7940     0.000260
    7950     0.000263
    7960     0.000266
    7970     0.000269
    7980     0.000272
    7990     0.000275
    8000     0.000278
    8010     0.000281
    8020     0.000284
    8030     0.000287
    8040     0.000290
    8050     0.000293
    8060     0.000296
    8070     0.000299
    8080     0.000301
    8090     0.000304
    8100     0.000307
    8110     0.000310
    8120     0.000313
    8130     0.000316
    8140     0.000318
    8150     0.000321
    8160     0.000324
    8170     0.000327
    8180     0.000330
    8190     0.000332
    8200     0.000335
    8210     0.000338
    8220     0.000340
    8230     0.000343
    8240     0.000345
    8250     0.000348
    8260     0.000351
    8270     0.000353
    8280     0.000356
    8290     0.000358
    8300     0.000361
    8310     0.000363
    8320     0.000366
    8330     0.000368
    8340     0.000370
    8350     0.000373
    8360     0.000375
    8370     0.000377
    8380     0.000379
    8390     0.000382
    8400     0.000384
    8410     0.000386
    8420     0.000388
    8430     0.000390
    8440     0.000392
    8450     0.000394
    8460     0.000396
    8470     0.000398
    8480     0.000400
    8490     0.000402
    8500     0.000404
    8510     0.000406
    8520     0.000408
    8530     0.000409
    8540     0.000411
    8550     0.000413
    8560     0.000415
    8570     0.000416
    8580     0.000418
    8590     0.000419
    8600     0.000421
    8610     0.000422
    8620     0.000424
    8630     0.000425
    8640     0.000427
    8650     0.000428
    8660     0.000429
    8670     0.000430
    8680     0.000431
    8690     0.000433
    8700     0.000434
    8710     0.000435
    8720     0.000436
    8730     0.000436
    8740     0.000437
    8750     0.000438
    8760     0.000439
    8770     0.000439
    8780     0.000440
    8790     0.000440
    8800     0.000441
    8810     0.000441
    8820     0.000441
    8830     0.000442
    8840     0.000442
    8850     0.000442
    8860     0.000442
    8870     0.000442
    8880     0.000441
    8890     0.000441
    8900     0.000441
    8910     0.000441
    8920     0.000440
    8930     0.000440
    8940     0.000439
    8950     0.000438
    8960     0.000438
    8970     0.000437
    8980     0.000436
    8990     0.000435
    9000     0.000434
    9010     0.000433
    9020     0.000432
    9030     0.000431
    9040     0.000430
    9050     0.000428
    9060     0.000427
    9070     0.000426
    9080     0.000425
    9090     0.000423
    9100     0.000422
    9110     0.000420
    9120     0.000419
    9130     0.000418
    9140     0.000416
    9150     0.000415
    9160     0.000413
    9170     0.000412
    9180     0.000410
    9190     0.000408
    9200     0.000407
    9210     0.000405
    9220     0.000404
    9230     0.000402
    9240     0.000400
    9250     0.000399
    9260     0.000397
    9270     0.000395
    9280     0.000393
    9290     0.000391
    9300     0.000389
    9310     0.000387
    9320     0.000385
    9330     0.000383
    9340     0.000381
    9350     0.000378
    9360     0.000376
    9370     0.000374
    9380     0.000371
    9390     0.000369
    9400     0.000366
    9410     0.000364
    9420     0.000361
    9430     0.000358
    9440     0.000356
    9450     0.000353
    9460     0.000350
    9470     0.000347
    9480     0.000345
    9490     0.000342
    9500     0.000339
    9510     0.000336
    9520     0.000333
    9530     0.000330
    9540     0.000327
    9550     0.000325
    9560     0.000322
    9570     0.000319
    9580     0.000316
    9590     0.000313
    9600     0.000311
    9610     0.000308
    9620     0.000305
    9630     0.000302
    9640     0.000299
    9650     0.000297
    9660     0.000294
    9670     0.000291
    9680     0.000288
    9690     0.000285
    9700     0.000283
    9710     0.000280
    9720     0.000277
    9730     0.000274
    9740     0.000271
    9750     0.000268
    9760     0.000265
    9770     0.000262
    9780     0.000259
    9790     0.000256
    9800     0.000253
    9810     0.000249
    9820     0.000246
    9830     0.000243
    9840     0.000240
    9850     0.000237
    9860     0.000234
    9870     0.000231
    9880     0.000228
    9890     0.000226
    9900     0.000223
    9910     0.000220
    9920     0.000217
    9930     0.000214
    9940     0.000211
    9950     0.000209
    9960     0.000206
    9970     0.000203
    9980     0.000201
    9990     0.000198
   10000     0.000195
   10010     0.000192
   10020     0.000190
   10030     0.000187
   10040     0.000184
   10050     0.000181
   10060     0.000179
   10070     0.000176
   10080     0.000173
   10090     0.000171
   10100     0.000168
   10110     0.000166
   10120     0.000163
   10130     0.000160
   10140     0.000158
   10150     0.000155
   10160     0.000153
   10170     0.000150
   10180     0.000147
   10190     0.000145
   10200     0.000143
   10210     0.000140
   10220     0.000138
   10230     0.000136
   10240     0.000134
   10250     0.000132
   10260     0.000130
   10270     0.000127
   10280     0.000125
   10290     0.000123
   10300     0.000120
   10310     0.000118
   10320     0.000116
   10330     0.000114
   10340     0.000112
   10350     0.000110
   10360     0.000108
   10370     0.000106
   10380     0.000104
   10390     0.000102
   10400     0.000100
   10410     0.000098
   10420     0.000096
   10430     0.000094
   10440     0.000092
   10450     0.000090
   10460     0.000089
   10470     0.000087
   10480     0.000085
   10490     0.000083
   10500     0.000082
   10510     0.000081
   10520     0.000079
   10530     0.000078
   10540     0.000076
   10550     0.000075
   10560     0.000073
   10570     0.000071
   10580     0.000069
   10590     0.000068
   10600     0.000066
   10610     0.000064
   10620     0.000063
   10630     0.000062
   10640     0.000061
   10650     0.000060
   10660     0.000059
   10670     0.000058
   10680     0.000056
   10690     0.000055
   10700     0.000054
   10710     0.000052
   10720     0.000051
   10730     0.000049
   10740     0.000048
   10750     0.000047
   10760     0.000046
   10770     0.000045
   10780     0.000044
   10790     0.000043
   10800     0.000043
   10810     0.000042
   10820     0.000041
   10830     0.000040
   10840     0.000039
   10850     0.000037
   10860     0.000036
   10870     0.000035
   10880     0.000034
   10890     0.000033
   10900     0.000032
   10910     0.000032
   10920     0.000031
   10930     0.000031
   10940     0.000030
   10950     0.000030
   10960     0.000029
   10970     0.000028
   10980     0.000027
   10990     0.000026
   11000     0.000025
   11010     0.000024
   11020     0.000023
   11030     0.000022
   11040     0.000022
   11050     0.000022
   11060     0.000022
   11070     0.000021
   11080     0.000021
   11090     0.000021
   11100     0.000021
   11110     0.000020
   11120     0.000019
   11130     0.000018
   11140     0.000017
   11150     0.000016
   11160     0.000015
   11170     0.000015
   11180     0.000014
   11190     0.000014
   11200     0.000015
   11210     0.000015
   11220     0.000015
   11230     0.000015
   11240     0.000014
   11250     0.000014
   11260     0.000013
   11270     0.000012
   11280     0.000011
   11290     0.000010
   11300     0.000009
   11310     0.000009
   11320     0.000009
   11330     0.000009
   11340     0.000010
   11350     0.000010
   11360     0.000010
   11370     0.000010
   11380     0.000010
   11390     0.000009
   11400     0.000009
   11410     0.000008
   11420     0.000007
   11430     0.000006
   11440     0.000006
   11450     0.000005
   11460     0.000005
   11470     0.000006
   11480     0.000006
   11490     0.000007
   11500     0.000007
   11510     0.000007
   11520     0.000007
   11530     0.000007
   11540     0.000006
   11550     0.000005
   11560     0.000004
   11570     0.000003
   11580     0.000003
   11590     0.000003
   11600     0.000003
   11610     0.000004
   11620     0.000004
   11630     0.000005
   11640     0.000005
   11650     0.000005
   11660     0.000005
   11670     0.000005
   11680     0.000004
   11690     0.000003
   11700     0.000002
   11710     0.000002
   11720     0.000001
   11730     0.000001
   11740     0.000002
   11750     0.000002
   11760     0.000003
   11770     0.000004
   11780     0.000004
   11790     0.000004
   11800     0.000004
   11810     0.000004
   11820     0.000003
   11830     0.000002
   11840     0.000001
   11850     0.000001
   11860     0.000000
   11870     0.000000
   11880     0.000001
   11890     0.000002
   11900     0.000002
   11910     0.000003
   11920     0.000004
   11930     0.000004
   11940     0.000004
   11950     0.000003
   11960     0.000002
   11970     0.000002
   11980     0.000001
   11990     0.000000
   12000     0.000000
   12010     0.000000
   12020     0.000000
   12030     0.000000
   12040     0.000000
   12050     0.000000
   12060     0.000000
   12070     0.000000
   12080     0.000000
   12090     0.000000
   12100     0.000000
   12110     0.000000
   12120     0.000000
   12130     0.000000
   12140     0.000000
   12150     0.000000
   12160     0.000000
   12170     0.000000
   12180     0.000000
   12190     0.000000
   12200     0.000000
   12210     0.000000
   12220     0.000000
   12230     0.000000
   12240     0.000000
   12250     0.000000
   12260     0.000000
   12270     0.000000
   12280     0.000000
   12290     0.000000
   12300     0.000000
   12310     0.000000
   12320     0.000000
   12330     0.000000
   12340     0.000000
   12350     0.000000
   12360     0.000000
   12370     0.000000
   12380     0.000000
   12390     0.000000
   12400     0.000000
   12410     0.000000
   12420     0.000000
   12430     0.000000
   12440     0.000000
   12450     0.000000
   12460     0.000000
   12470     0.000000
   12480     0.000000
   12490     0.000000
   12500     0.000000
   12510     0.000000
   12520     0.000000
   12530     0.000000
   12540     0.000000
   12550     0.000000
   12560     0.000000
   12570     0.000000
   12580     0.000000
   12590     0.000000
   12600     0.000000
   12610     0.000000
   12620     0.000000
   12630     0.000000
   12640     0.000000
   12650     0.000000
   12660     0.000000
   12670     0.000000
   12680     0.000000
   12690     0.000000
   12700     0.000000
   12710     0.000000
   12720     0.000000
   12730     0.000000
   12740     0.000000
   12750     0.000000
   12760     0.000000
   12770     0.000000
   12780     0.000000
   12790     0.000000
   12800     0.000000
   12810     0.000000
   12820     0.000000
   12830     0.000000
   12840     0.000000
   12850     0.000000
   12860     0.000000
   12870     0.000000
   12880     0.000000
   12890     0.000000
   12900     0.000000
   12910     0.000000
   12920     0.000000
   12930     0.000000
   12940     0.000000
   12950     0.000000
   12960     0.000000
   12970     0.000000
   12980     0.000000
   12990     0.000000
   13000     0.000000
   13010     0.000000
   13020     0.000000
   13030     0.000000
   13040     0.000000
   13050     0.000000
   13060     0.000000
   13070     0.000000
   13080     0.000000
   13090     0.000000
   13100     0.000000
   13110     0.000000
   13120     0.000000
   13130     0.000000
   13140     0.000000
   13150     0.000000
   13160     0.000000
   13170     0.000000
   13180     0.000000
   13190     0.000000
   13200     0.000000
   13210     0.000000
   13220     0.000000
   13230     0.000000
   13240     0.000000
   13250     0.000000
   13260     0.000000
   13270     0.000000
   13280     0.000000
   13290     0.000000
   13300     0.000000
   13310     0.000000
   13320     0.000000
   13330     0.000000
   13340     0.000000
   13350     0.000000
   13360     0.000000
   13370     0.000000
   13380     0.000000
   13390     0.000000
   13400     0.000000
   13410     0.000000
   13420     0.000000
   13430     0.000000
   13440     0.000000
   13450     0.000000
   13460     0.000000
   13470     0.000000
   13480     0.000000
   13490     0.000000
   13500     0.000000
   13510     0.000000
   13520     0.000000
   13530     0.000000
   13540     0.000000
   13550     0.000000
   13560     0.000000
   13570     0.000000
   13580     0.000000
   13590     0.000000
   13600     0.000000
   13610     0.000000
   13620     0.000000
   13630     0.000000
   13640     0.000000
   13650     0.000000
   13660     0.000000
   13670     0.000000
   13680     0.000000
   13690     0.000000
   13700     0.000000
   13710     0.000000
   13720     0.000000
   13730     0.000000
   13740     0.000000
   13750     0.000000
   13760     0.000000
   13770     0.000000
   13780     0.000000
   13790     0.000000
   13800     0.000000
   13810     0.000000
   13820     0.000000
   13830     0.000000
   13840     0.000000
   13850     0.000000
   13860     0.000000
   13870     0.000000
   13880     0.000000
   13890     0.000000
   13900     0.000000
   13910     0.000000
   13920     0.000000
   13930     0.000000
   13940     0.000000
   13950     0.000000
   13960     0.000000
   13970     0.000000
   13980     0.000000
   13990     0.000000
   14000     0.000000
   14010     0.000000
   14020     0.000000
   14030     0.000000
   14040     0.000000
   14050     0.000000
   14060     0.000000
   14070     0.000000
   14080     0.000000
   14090     0.000000
   14100     0.000000
   14110     0.000000
   14120     0.000000
   14130     0.000000
   14140     0.000000
   14150     0.000000
   14160     0.000000
   14170     0.000000
   14180     0.000000
   14190     0.000000
   14200     0.000000
   14210     0.000000
   14220     0.000000
   14230     0.000000
   14240     0.000000
   14250     0.000000
   14260     0.000000
   14270     0.000000
   14280     0.000000
   14290     0.000000
   14300     0.000000
   14310     0.000000
   14320     0.000000
   14330     0.000000
   14340     0.000000
   14350     0.000000
   14360     0.000000
   14370     0.000000
   14380     0.000000
   14390     0.000000
   14400     0.000000
   14410     0.000000
   14420     0.000000
   14430     0.000000
   14440     0.000000
   14450     0.000000
   14460     0.000000
   14470     0.000000
   14480     0.000000
   14490     0.000000
   14500     0.000000
   14510     0.000000
   14520     0.000000
   14530     0.000000
   14540     0.000000
   14550     0.000000
   14560     0.000000
   14570     0.000000
   14580     0.000000
   14590     0.000000
   14600     0.000000
   14610     0.000000
   14620     0.000000
   14630     0.000000
   14640     0.000000
   14650     0.000000
   14660     0.000000
   14670     0.000000
   14680     0.000000
   14690     0.000000
   14700     0.000000
   14710     0.000000
   14720     0.000000
   14730     0.000000
   14740     0.000000
   14750     0.000000
   14760     0.000000
   14770     0.000000
   14780     0.000000
   14790     0.000000
   14800     0.000000
   14810     0.000000
   14820     0.000000
   14830     0.000000
   14840     0.000000
   14850     0.000000
   14860     0.000000
   14870     0.000000
   14880     0.000000
   14890     0.000000
   14900     0.000000
   14910     0.000000
   14920     0.000000
   14930     0.000000
   14940     0.000000
   14950     0.000000
   14960     0.000000
   14970     0.000000
   14980     0.000000
   14990     0.000000
   15000     0.000000
   15010     0.000000
   15020     0.000000
   15030     0.000000
   15040     0.000000
   15050     0.000000
   15060     0.000000
   15070     0.000000
   15080     0.000000
   15090     0.000000
   15100     0.000000
   15110     0.000000
   15120     0.000000
   15130     0.000000
   15140     0.000000
   15150     0.000000
   15160     0.000000
   15170     0.000000
   15180     0.000000
   15190     0.000000
   15200     0.000000
   15210     0.000000
   15220     0.000000
   15230     0.000000
   15240     0.000000
   15250     0.000000
   15260     0.000000
   15270     0.000000
   15280     0.000000
   15290     0.000000
   15300     0.000000
   15310     0.000000
   15320     0.000000
   15330     0.000000
   15340     0.000000
   15350     0.000000
   15360     0.000000
   15370     0.000000
   15380     0.000000
   15390     0.000000
   15400     0.000000
   15410     0.000000
   15420     0.000000
   15430     0.000000
   15440     0.000000
   15450     0.000000
   15460     0.000000
   15470     0.000000
   15480     0.000000
   15490     0.000000
   15500     0.000000
   15510     0.000000
   15520     0.000000
   15530     0.000000
   15540     0.000000
   15550     0.000000
   15560     0.000000
   15570     0.000000
   15580     0.000000
   15590     0.000000
   15600     0.000000
   15610     0.000000
   15620     0.000000
   15630     0.000000
   15640     0.000000
   15650     0.000000
   15660     0.000000
   15670     0.000000
   15680     0.000000
   15690     0.000000
   15700     0.000000
   15710     0.000000
   15720     0.000000
   15730     0.000000
   15740     0.000000
   15750     0.000000
   15760     0.000000
   15770     0.000000
   15780     0.000000
   15790     0.000000
   15800     0.000000
   15810     0.000000
   15820     0.000000
   15830     0.000000
   15840     0.000000
   15850     0.000000
   15860     0.000000
   15870     0.000000
   15880     0.000000
   15890     0.000000
   15900     0.000000
   15910     0.000000
   15920     0.000000
   15930     0.000000
   15940     0.000000
   15950     0.000000
   15960     0.000000
   15970     0.000000
   15980     0.000000
   15990     0.000000
