       0     0.000000
      10     0.000000
      20     0.000000
      30     0.000000
      40     0.000000
      50     0.000000
      60     0.000000
      70     0.000000
      80     0.000000
      90     0.000000
     100     0.000000
     110     0.000000
     120     0.000000
     130     0.000000
     140     0.000000
     150     0.000000
     160     0.000000
     170     0.000000
     180     0.000000
     190     0.000000
     200     0.000000
     210     0.000000
     220     0.000000
     230     0.000000
     240     0.000000
     250     0.000000
     260     0.000000
     270     0.000000
     280     0.000000
     290     0.000000
     300     0.000000
     310     0.000000
     320     0.000000
     330     0.000000
     340     0.000000
     350     0.000000
     360     0.000000
     370     0.000000
     380     0.000000
     390     0.000000
     400     0.000000
     410     0.000000
     420     0.000000
     430     0.000000
     440     0.000000
     450     0.000000
     460     0.000000
     470     0.000000
     480     0.000000
     490     0.000000
     500     0.000000
     510     0.000000
     520     0.000000
     530     0.000000
     540     0.000000
     550     0.000000
     560     0.000000
     570     0.000000
     580     0.000000
     590     0.000000
     600     0.000000
     610     0.000000
     620     0.000000
     630     0.000000
     640     0.000000
     650     0.000000
     660     0.000000
     670     0.000000
     680     0.000000
     690     0.000000
     700     0.000000
     710     0.000000
     720     0.000000
     730     0.000000
     740     0.000000
     750     0.000000
     760     0.000000
     770     0.000000
     780     0.000000
     790     0.000000
     800     0.000000
     810     0.000000
     820     0.000000
     830     0.000000
     840     0.000000
     850     0.000000
     860     0.000000
     870     0.000000
     880     0.000000
     890     0.000000
     900     0.000000
     910     0.000000
     920     0.000000
     930     0.000000
     940     0.000000
     950     0.000000
     960     0.000000
     970     0.000000
     980     0.000000
     990     0.000000
    1000     0.000000
    1010     0.000000
    1020     0.000000
    1030     0.000000
    1040     0.000000
    1050     0.000000
    1060     0.000000
    1070     0.000000
    1080     0.000000
    1090     0.000000
    1100     0.000000
    1110     0.000000
    1120     0.000000
    1130     0.000000
    1140     0.000000
    1150     0.000000
    1160     0.000000
    1170     0.000000
    1180     0.000000
    1190     0.000000
    1200     0.000000
    1210     0.000000
    1220     0.000000
    1230     0.000000
    1240     0.000000
    1250     0.000000
    1260     0.000000
    1270     0.000000
    1280     0.000000
    1290     0.000000
    1300     0.000000
    1310     0.000000
    1320     0.000000
    1330     0.000000
    1340     0.000000
    1350     0.000000
    1360     0.000000
    1370     0.000000
    1380     0.000000
    1390     0.000000
    1400     0.000000
    1410     0.000000
    1420     0.000000
    1430     0.000000
    1440     0.000000
    1450     0.000000
    1460     0.000000
    1470     0.000000
    1480     0.000000
    1490     0.000000
    1500     0.000000
    1510     0.000000
    1520     0.000000
    1530     0.000000
    1540     0.000000
    1550     0.000000
    1560     0.000000
    1570     0.000000
    1580     0.000000
    1590     0.000000
    1600     0.000000
    1610     0.000000
    1620     0.000000
    1630     0.000000
    1640     0.000000
    1650     0.000000
    1660     0.000000
    1670     0.000000
    1680     0.000000
    1690     0.000000
    1700     0.000000
    1710     0.000000
    1720     0.000000
    1730     0.000000
    1740     0.000000
    1750     0.000000
    1760     0.000000
    1770     0.000000
    1780     0.000000
    1790     0.000000
    1800     0.000000
    1810     0.000000
    1820     0.000000
    1830     0.000000
    1840     0.000000
    1850     0.000000
    1860     0.000000
    1870     0.000000
    1880     0.000000
    1890     0.000000
    1900     0.000000
    1910     0.000000
    1920     0.000000
    1930     0.000000
    1940     0.000000
    1950     0.000000
    1960     0.000000
    1970     0.000000
    1980     0.000000
    1990     0.000000
    2000     0.000000
    2010     0.000000
    2020     0.000000
    2030     0.000000
    2040     0.000000
    2050     0.000000
    2060     0.000000
    2070     0.000000
    2080     0.000000
    2090     0.000000
    2100     0.000000
    2110     0.000000
    2120     0.000000
    2130     0.000000
    2140     0.000000
    2150     0.000000
    2160     0.000000
    2170     0.000000
    2180     0.000000
    2190     0.000000
    2200     0.000000
    2210     0.000000
    2220     0.000000
    2230     0.000000
    2240     0.000000
    2250     0.000000
    2260     0.000000
    2270     0.000000
    2280     0.000000
    2290     0.000000
    2300     0.000000
    2310     0.000000
    2320     0.000000
    2330     0.000000
    2340     0.000000
    2350     0.000000
    2360     0.000000
    2370     0.000000
    2380     0.000000
    2390     0.000000
    2400     0.000000
    2410     0.000000
    2420     0.000000
    2430     0.000000
    2440     0.000000
    2450     0.000000
    2460     0.000000
    2470     0.000000
    2480     0.000000
    2490     0.000000
    2500     0.000000
    2510     0.000000
    2520     0.000000
    2530     0.000000
    2540     0.000000
    2550     0.000000
    2560     0.000000
    2570     0.000000
    2580     0.000000
    2590     0.000000
    2600     0.000000
    2610     0.000000
    2620     0.000000
    2630     0.000000
    2640     0.000000
    2650     0.000000
    2660     0.000000
    2670     0.000000
    2680     0.000000
    2690     0.000000
    2700     0.000000
    2710     0.000000
    2720     0.000000
    2730     0.000000
    2740     0.000000
    2750     0.000000
    2760     0.000000
    2770     0.000000
    2780     0.000000
    2790     0.000000
    2800     0.000000
    2810     0.000000
    2820     0.000000
    2830     0.000000
    2840     0.000000
    2850     0.000000
    2860     0.000000
    2870     0.000000
    2880     0.000000
    2890     0.000000
    2900     0.000000
    2910     0.000000
    2920     0.000000
    2930     0.000000
    2940     0.000000
    2950     0.000000
    2960     0.000000
    2970     0.000000
    2980     0.000000
    2990     0.000000
    3000     0.000000
    3010     0.000000
    3020     0.000000
    3030     0.000000
    3040     0.000000
    3050     0.000000
    3060     0.000000
    3070     0.000000
    3080     0.000000
    3090     0.000000
    3100     0.000000
    3110     0.000000
    3120     0.000000
    3130     0.000000
    3140     0.000000
    3150     0.000000
    3160     0.000000
    3170     0.000000
    3180     0.000000
    3190     0.000000
    3200     0.000000
    3210     0.000000
    3220     0.000000
    3230     0.000000
    3240     0.000000
    3250     0.000000
    3260     0.000000
    3270     0.000000
    3280     0.000000
    3290     0.000000
    3300     0.000000
    3310     0.000000
    3320     0.000000
    3330     0.000000
    3340     0.000000
    3350     0.000000
    3360     0.000000
    3370     0.000000
    3380     0.000000
    3390     0.000000
    3400     0.000000
    3410     0.000000
    3420     0.000000
    3430     0.000000
    3440     0.000000
    3450     0.000000
    3460     0.000000
    3470     0.000000
    3480     0.000000
    3490     0.000000
    3500     0.000000
    3510     0.000000
    3520     0.000000
    3530     0.000000
    3540     0.000000
    3550     0.000000
    3560     0.000000
    3570     0.000000
    3580     0.000000
    3590     0.000000
    3600     0.000000
    3610     0.000000
    3620     0.000000
    3630     0.000000
    3640     0.000000
    3650     0.000000
    3660     0.000000
    3670     0.000000
    3680     0.000000
    3690     0.000000
    3700     0.000000
    3710     0.000000
    3720     0.000000
    3730     0.000000
    3740     0.000000
    3750     0.000000
    3760     0.000000
    3770     0.000000
    3780     0.000000
    3790     0.000000
    3800     0.000000
    3810     0.000000
    3820     0.000000
    3830     0.000000
    3840     0.000000
    3850     0.000000
    3860     0.000000
    3870     0.000000
    3880     0.000000
    3890     0.000000
    3900     0.000000
    3910     0.000000
    3920     0.000000
    3930     0.000000
    3940     0.000000
    3950     0.000000
    3960     0.000000
    3970     0.000000
    3980     0.000000
    3990     0.000000
    4000     0.000000
    4010     0.000000
    4020     0.000000
    4030     0.000000
    4040     0.000000
    4050     0.000000
    4060     0.000000
    4070     0.000000
    4080     0.000000
    4090     0.000000
    4100     0.000000
    4110     0.000000
    4120     0.000000
    4130     0.000000
    4140     0.000000
    4150     0.000000
    4160     0.000000
    4170     0.000000
    4180     0.000000
    4190     0.000000
    4200     0.000000
    4210     0.000000
    4220     0.000000
    4230     0.000000
    4240     0.000000
    4250     0.000000
    4260     0.000000
    4270     0.000000
    4280     0.000000
    4290     0.000000
    4300     0.000000
    4310     0.000000
    4320     0.000000
    4330     0.000000
    4340     0.000000
    4350     0.000000
    4360     0.000000
    4370     0.000000
    4380     0.000000
    4390     0.000000
    4400     0.000000
    4410     0.000000
    4420     0.000000
    4430     0.000000
    4440     0.000000
    4450     0.000000
    4460     0.000000
    4470     0.000000
    4480     0.000000
    4490     0.000001
    4500     0.000000
    4510     0.000000
    4520     0.000000
    4530     0.000001
    4540     0.000001
    4550     0.000001
    4560     0.000000
    4570     0.000000
    4580     0.000001
    4590     0.000001
    4600     0.000001
    4610     0.000001
    4620     0.000001
    4630     0.000001
    4640     0.000001
    4650     0.000001
    4660     0.000001
    4670     0.000001
    4680     0.000001
    4690     0.000001
    4700     0.000001
    4710     0.000001
    4720     0.000001
    4730     0.000001
    4740     0.000001
    4750     0.000001
    4760     0.000001
    4770     0.000001
    4780     0.000001
    4790     0.000001
    4800     0.000001
    4810     0.000001
    4820     0.000001
    4830     0.000001
    4840     0.000002
    4850     0.000002
    4860     0.000002
    4870     0.000002
    4880     0.000002
    4890     0.000002
    4900     0.000002
    4910     0.000002
    4920     0.000002
    4930     0.000002
    4940     0.000002
    4950     0.000002
    4960     0.000002
    4970     0.000002
    4980     0.000002
    4990     0.000002
    5000     0.000003
    5010     0.000003
    5020     0.000003
    5030     0.000003
    5040     0.000003
    5050     0.000003
    5060     0.000003
    5070     0.000003
    5080     0.000003
    5090     0.000003
    5100     0.000004
    5110     0.000004
    5120     0.000004
    5130     0.000004
    5140     0.000004
    5150     0.000004
    5160     0.000004
    5170     0.000004
    5180     0.000004
    5190     0.000005
    5200     0.000005
    5210     0.000005
    5220     0.000005
    5230     0.000005
    5240     0.000005
    5250     0.000005
    5260     0.000006
    5270     0.000006
    5280     0.000006
    5290     0.000006
    5300     0.000006
    5310     0.000007
    5320     0.000007
    5330     0.000007
    5340     0.000007
    5350     0.000007
    5360     0.000008
    5370     0.000008
    5380     0.000008
    5390     0.000008
    5400     0.000009
    5410     0.000009
    5420     0.000009
    5430     0.000009
    5440     0.000010
    5450     0.000010
    5460     0.000010
    5470     0.000010
    5480     0.000011
    5490     0.000011
    5500     0.000011
    5510     0.000011
    5520     0.000012
    5530     0.000012
    5540     0.000012
    5550     0.000013
    5560     0.000013
    5570     0.000013
    5580     0.000014
    5590     0.000014
    5600     0.000015
    5610     0.000015
    5620     0.000016
    5630     0.000016
    5640     0.000016
    5650     0.000017
    5660     0.000017
    5670     0.000018
    5680     0.000018
    5690     0.000019
    5700     0.000019
    5710     0.000019
    5720     0.000020
    5730     0.000020
    5740     0.000021
    5750     0.000021
    5760     0.000022
    5770     0.000022
    5780     0.000023
    5790     0.000023
    5800     0.000024
    5810     0.000024
    5820     0.000025
    5830     0.000026
    5840     0.000026
    5850     0.000027
    5860     0.000028
    5870     0.000029
    5880     0.000029
    5890     0.000030
    5900     0.000031
    5910     0.000031
    5920     0.000032
    5930     0.000033
    5940     0.000034
    5950     0.000035
    5960     0.000035
    5970     0.000036
    5980     0.000037
    5990     0.000038
    6000     0.000038
    6010     0.000039
    6020     0.000040
    6030     0.000041
    6040     0.000041
    6050     0.000042
    6060     0.000043
    6070     0.000044
    6080     0.000045
    6090     0.000046
    6100     0.000047
    6110     0.000048
    6120     0.000049
    6130     0.000050
    6140     0.000051
    6150     0.000052
    6160     0.000053
    6170     0.000055
    6180     0.000056
    6190     0.000057
    6200     0.000058
    6210     0.000060
    6220     0.000061
    6230     0.000062
    6240     0.000063
    6250     0.000065
    6260     0.000066
    6270     0.000067
    6280     0.000069
    6290     0.000070
    6300     0.000071
    6310     0.000072
    6320     0.000074
    6330     0.000075
    6340     0.000076
    6350     0.000077
    6360     0.000079
    6370     0.000080
    6380     0.000081
    6390     0.000083
    6400     0.000084
    6410     0.000086
    6420     0.000087
    6430     0.000088
    6440     0.000090
    6450     0.000092
    6460     0.000093
    6470     0.000095
    6480     0.000096
    6490     0.000098
    6500     0.000100
    6510     0.000102
    6520     0.000104
    6530     0.000105
    6540     0.000107
    6550     0.000109
    6560     0.000111
    6570     0.000113
    6580     0.000115
    6590     0.000117
    6600     0.000119
    6610     0.000121
    6620     0.000123
    6630     0.000125
    6640     0.000127
    6650     0.000129
    6660     0.000132
    6670     0.000134
    6680     0.000136
    6690     0.000138
    6700     0.000140
    6710     0.000142
    6720     0.000144
    6730     0.000145
    6740     0.000147
    6750     0.000149
    6760     0.000151
    6770     0.000153
    6780     0.000155
    6790     0.000157
    6800     0.000159
    6810     0.000161
    6820     0.000163
    6830     0.000165
    6840     0.000167
    6850     0.000169
    6860     0.000171
    6870     0.000174
    6880     0.000176
    6890     0.000178
    6900     0.000180
    6910     0.000182
    6920     0.000185
    6930     0.000187
    6940     0.000189
    6950     0.000192
    6960     0.000194
    6970     0.000196
    6980     0.000199
    6990     0.000201
    7000     0.000204
    7010     0.000206
    7020     0.000209
    7030     0.000212
    7040     0.000214
    7050     0.000217
    7060     0.000219
    7070     0.000222
    7080     0.000225
    7090     0.000227
    7100     0.000230
    7110     0.000233
    7120     0.000235
    7130     0.000238
    7140     0.000241
    7150     0.000243
    7160     0.000246
    7170     0.000249
    7180     0.000251
    7190     0.000254
    7200     0.000257
    7210     0.000259
    7220     0.000262
    7230     0.000264
    7240     0.000267
    7250     0.000269
    7260     0.000272
    7270     0.000274
    7280     0.000277
    7290     0.000279
    7300     0.000282
    7310     0.000284
    7320     0.000286
    7330     0.000289
    7340     0.000291
    7350     0.000293
    7360     0.000296
    7370     0.000298
    7380     0.000300
    7390     0.000302
    7400     0.000304
    7410     0.000307
    7420     0.000309
    7430     0.000311
    7440     0.000313
    7450     0.000315
    7460     0.000317
    7470     0.000319
    7480     0.000321
    7490     0.000323
    7500     0.000325
    7510     0.000327
    7520     0.000329
    7530     0.000331
    7540     0.000333
    7550     0.000335
    7560     0.000337
    7570     0.000338
    7580     0.000340
    7590     0.000342
    7600     0.000344
    7610     0.000346
    7620     0.000347
    7630     0.000349
    7640     0.000351
    7650     0.000352
    7660     0.000354
    7670     0.000356
    7680     0.000357
    7690     0.000359
    7700     0.000360
    7710     0.000362
    7720     0.000363
    7730     0.000365
    7740     0.000366
    7750     0.000368
    7760     0.000369
    7770     0.000370
    7780     0.000372
    7790     0.000373
    7800     0.000374
    7810     0.000375
    7820     0.000377
    7830     0.000378
    7840     0.000379
    7850     0.000380
    7860     0.000381
    7870     0.000382
    7880     0.000383
    7890     0.000384
    7900     0.000385
    7910     0.000386
    7920     0.000387
    7930     0.000388
    7940     0.000388
    7950     0.000389
    7960     0.000390
    7970     0.000391
    7980     0.000391
    7990     0.000392
    8000     0.000393
    8010     0.000393
    8020     0.000394
    8030     0.000394
    8040     0.000394
    8050     0.000395
    8060     0.000395
    8070     0.000396
    8080     0.000396
    8090     0.000396
    8100     0.000396
    8110     0.000396
    8120     0.000397
    8130     0.000397
    8140     0.000397
    8150     0.000397
    8160     0.000397
    8170     0.000397
    8180     0.000397
    8190     0.000396
    8200     0.000396
    8210     0.000396
    8220     0.000396
    8230     0.000395
    8240     0.000395
    8250     0.000395
    8260     0.000394
    8270     0.000394
    8280     0.000394
    8290     0.000393
    8300     0.000393
    8310     0.000392
    8320     0.000391
    8330     0.000391
    8340     0.000390
    8350     0.000389
    8360     0.000389
    8370     0.000388
    8380     0.000387
    8390     0.000386
    8400     0.000385
    8410     0.000385
    8420     0.000384
    8430     0.000383
    8440     0.000382
    8450     0.000381
    8460     0.000380
    8470     0.000379
    8480     0.000377
    8490     0.000376
    8500     0.000375
    8510     0.000374
    8520     0.000373
    8530     0.000371
    8540     0.000370
    8550     0.000369
    8560     0.000367
    8570     0.000366
    8580     0.000364
    8590     0.000363
    8600     0.000361
    8610     0.000360
    8620     0.000358
    8630     0.000357
    8640     0.000355
    8650     0.000353
    8660     0.000351
    8670     0.000350
    8680     0.000348
    8690     0.000346
    8700     0.000344
    8710     0.000342
    8720     0.000340
    8730     0.000338
    8740     0.000336
    8750     0.000334
    8760     0.000331
    8770     0.000329
    8780     0.000327
    8790     0.000325
    8800     0.000322
    8810     0.000320
    8820     0.000318
    8830     0.000315
    8840     0.000313
    8850     0.000310
    8860     0.000308
    8870     0.000305
    8880     0.000303
    8890     0.000300
    8900     0.000297
    8910     0.000295
    8920     0.000292
    8930     0.000290
    8940     0.000287
    8950     0.000284
    8960     0.000282
    8970     0.000279
    8980     0.000276
    8990     0.000274
    9000     0.000271
    9010     0.000269
    9020     0.000266
    9030     0.000264
    9040     0.000261
    9050     0.000259
    9060     0.000256
    9070     0.000254
    9080     0.000251
    9090     0.000249
    9100     0.000247
    9110     0.000244
    9120     0.000242
    9130     0.000240
    9140     0.000238
    9150     0.000235
    9160     0.000233
    9170     0.000231
    9180     0.000229
    9190     0.000227
    9200     0.000225
    9210     0.000222
    9220     0.000220
    9230     0.000218
    9240     0.000216
    9250     0.000214
    9260     0.000211
    9270     0.000209
    9280     0.000207
    9290     0.000205
    9300     0.000202
    9310     0.000200
    9320     0.000198
    9330     0.000195
    9340     0.000193
    9350     0.000190
    9360     0.000188
    9370     0.000185
    9380     0.000183
    9390     0.000180
    9400     0.000178
    9410     0.000175
    9420     0.000173
    9430     0.000170
    9440     0.000168
    9450     0.000165
    9460     0.000163
    9470     0.000161
    9480     0.000158
    9490     0.000156
    9500     0.000153
    9510     0.000151
    9520     0.000149
    9530     0.000147
    9540     0.000145
    9550     0.000143
    9560     0.000141
    9570     0.000139
    9580     0.000137
    9590     0.000135
    9600     0.000133
    9610     0.000131
    9620     0.000129
    9630     0.000128
    9640     0.000126
    9650     0.000124
    9660     0.000123
    9670     0.000121
    9680     0.000119
    9690     0.000117
    9700     0.000116
    9710     0.000114
    9720     0.000112
    9730     0.000110
    9740     0.000108
    9750     0.000107
    9760     0.000105
    9770     0.000103
    9780     0.000101
    9790     0.000099
    9800     0.000098
    9810     0.000096
    9820     0.000094
    9830     0.000092
    9840     0.000090
    9850     0.000089
    9860     0.000087
    9870     0.000085
    9880     0.000084
    9890     0.000082
    9900     0.000081
    9910     0.000079
    9920     0.000078
    9930     0.000077
    9940     0.000075
    9950     0.000074
    9960     0.000073
    9970     0.000072
    9980     0.000070
    9990     0.000069
   10000     0.000068
   10010     0.000067
   10020     0.000066
   10030     0.000064
   10040     0.000063
   10050     0.000062
   10060     0.000061
   10070     0.000060
   10080     0.000059
   10090     0.000057
   10100     0.000056
   10110     0.000055
   10120     0.000054
   10130     0.000052
   10140     0.000051
   10150     0.000050
   10160     0.000049
   10170     0.000048
   10180     0.000047
   10190     0.000046
   10200     0.000045
   10210     0.000044
   10220     0.000043
   10230     0.000042
   10240     0.000041
   10250     0.000041
   10260     0.000040
   10270     0.000039
   10280     0.000038
   10290     0.000037
   10300     0.000037
   10310     0.000036
   10320     0.000035
   10330     0.000034
   10340     0.000034
   10350     0.000033
   10360     0.000032
   10370     0.000031
   10380     0.000031
   10390     0.000030
   10400     0.000029
   10410     0.000028
   10420     0.000028
   10430     0.000027
   10440     0.000026
   10450     0.000026
   10460     0.000025
   10470     0.000024
   10480     0.000024
   10490     0.000023
   10500     0.000023
   10510     0.000022
   10520     0.000022
   10530     0.000021
   10540     0.000021
   10550     0.000021
   10560     0.000020
   10570     0.000020
   10580     0.000019
   10590     0.000019
   10600     0.000018
   10610     0.000018
   10620     0.000017
   10630     0.000017
   10640     0.000016
   10650     0.000016
   10660     0.000015
   10670     0.000015
   10680     0.000015
   10690     0.000014
   10700     0.000014
   10710     0.000014
   10720     0.000013
   10730     0.000013
   10740     0.000012
   10750     0.000012
   10760     0.000012
   10770     0.000011
   10780     0.000011
   10790     0.000011
   10800     0.000011
   10810     0.000010
   10820     0.000010
   10830     0.000010
   10840     0.000010
   10850     0.000009
   10860     0.000009
   10870     0.000009
   10880     0.000009
   10890     0.000008
   10900     0.000008
   10910     0.000008
   10920     0.000007
   10930     0.000007
   10940     0.000007
   10950     0.000007
   10960     0.000007
   10970     0.000007
   10980     0.000006
   10990     0.000006
   11000     0.000006
   11010     0.000006
   11020     0.000006
   11030     0.000006
   11040     0.000005
   11050     0.000005
   11060     0.000005
   11070     0.000005
   11080     0.000005
   11090     0.000004
   11100     0.000004
   11110     0.000004
   11120     0.000004
   11130     0.000004
   11140     0.000004
   11150     0.000004
   11160     0.000004
   11170     0.000004
   11180     0.000004
   11190     0.000003
   11200     0.000003
   11210     0.000003
   11220     0.000003
   11230     0.000003
   11240     0.000003
   11250     0.000003
   11260     0.000003
   11270     0.000003
   11280     0.000003
   11290     0.000003
   11300     0.000003
   11310     0.000003
   11320     0.000003
   11330     0.000002
   11340     0.000002
   11350     0.000002
   11360     0.000002
   11370     0.000002
   11380     0.000002
   11390     0.000001
   11400     0.000001
   11410     0.000001
   11420     0.000002
   11430     0.000002
   11440     0.000002
   11450     0.000002
   11460     0.000002
   11470     0.000002
   11480     0.000002
   11490     0.000001
   11500     0.000001
   11510     0.000001
   11520     0.000001
   11530     0.000001
   11540     0.000001
   11550     0.000001
   11560     0.000001
   11570     0.000001
   11580     0.000001
   11590     0.000001
   11600     0.000001
   11610     0.000001
   11620     0.000001
   11630     0.000001
   11640     0.000001
   11650     0.000001
   11660     0.000001
   11670     0.000001
   11680     0.000000
   11690     0.000000
   11700     0.000000
   11710     0.000000
   11720     0.000000
   11730     0.000001
   11740     0.000001
   11750     0.000001
   11760     0.000001
   11770     0.000001
   11780     0.000001
   11790     0.000001
   11800     0.000001
   11810     0.000000
   11820     0.000000
   11830     0.000000
   11840     0.000000
   11850     0.000000
   11860     0.000000
   11870     0.000000
   11880     0.000000
   11890     0.000000
   11900     0.000001
   11910     0.000001
   11920     0.000001
   11930     0.000001
   11940     0.000001
   11950     0.000001
   11960     0.000000
   11970     0.000000
   11980     0.000000
   11990     0.000000
   12000     0.000000
   12010     0.000000
   12020     0.000000
   12030     0.000000
   12040     0.000000
   12050     0.000000
   12060     0.000000
   12070     0.000000
   12080     0.000000
   12090     0.000000
   12100     0.000000
   12110     0.000000
   12120     0.000000
   12130     0.000000
   12140     0.000000
   12150     0.000000
   12160     0.000000
   12170     0.000000
   12180     0.000000
   12190     0.000000
   12200     0.000000
   12210     0.000000
   12220     0.000000
   12230     0.000000
   12240     0.000000
   12250     0.000000
   12260     0.000000
   12270     0.000000
   12280     0.000000
   12290     0.000000
   12300     0.000000
   12310     0.000000
   12320     0.000000
   12330     0.000000
   12340     0.000000
   12350     0.000000
   12360     0.000000
   12370     0.000000
   12380     0.000000
   12390     0.000000
   12400     0.000000
   12410     0.000000
   12420     0.000000
   12430     0.000000
   12440     0.000000
   12450     0.000000
   12460     0.000000
   12470     0.000000
   12480     0.000000
   12490     0.000000
   12500     0.000000
   12510     0.000000
   12520     0.000000
   12530     0.000000
   12540     0.000000
   12550     0.000000
   12560     0.000000
   12570     0.000000
   12580     0.000000
   12590     0.000000
   12600     0.000000
   12610     0.000000
   12620     0.000000
   12630     0.000000
   12640     0.000000
   12650     0.000000
   12660     0.000000
   12670     0.000000
   12680     0.000000
   12690     0.000000
   12700     0.000000
   12710     0.000000
   12720     0.000000
   12730     0.000000
   12740     0.000000
   12750     0.000000
   12760     0.000000
   12770     0.000000
   12780     0.000000
   12790     0.000000
   12800     0.000000
   12810     0.000000
   12820     0.000000
   12830     0.000000
   12840     0.000000
   12850     0.000000
   12860     0.000000
   12870     0.000000
   12880     0.000000
   12890     0.000000
   12900     0.000000
   12910     0.000000
   12920     0.000000
   12930     0.000000
   12940     0.000000
   12950     0.000000
   12960     0.000000
   12970     0.000000
   12980     0.000000
   12990     0.000000
   13000     0.000000
   13010     0.000000
   13020     0.000000
   13030     0.000000
   13040     0.000000
   13050     0.000000
   13060     0.000000
   13070     0.000000
   13080     0.000000
   13090     0.000000
   13100     0.000000
   13110     0.000000
   13120     0.000000
   13130     0.000000
   13140     0.000000
   13150     0.000000
   13160     0.000000
   13170     0.000000
   13180     0.000000
   13190     0.000000
   13200     0.000000
   13210     0.000000
   13220     0.000000
   13230     0.000000
   13240     0.000000
   13250     0.000000
   13260     0.000000
   13270     0.000000
   13280     0.000000
   13290     0.000000
   13300     0.000000
   13310     0.000000
   13320     0.000000
   13330     0.000000
   13340     0.000000
   13350     0.000000
   13360     0.000000
   13370     0.000000
   13380     0.000000
   13390     0.000000
   13400     0.000000
   13410     0.000000
   13420     0.000000
   13430     0.000000
   13440     0.000000
   13450     0.000000
   13460     0.000000
   13470     0.000000
   13480     0.000000
   13490     0.000000
   13500     0.000000
   13510     0.000000
   13520     0.000000
   13530     0.000000
   13540     0.000000
   13550     0.000000
   13560     0.000000
   13570     0.000000
   13580     0.000000
   13590     0.000000
   13600     0.000000
   13610     0.000000
   13620     0.000000
   13630     0.000000
   13640     0.000000
   13650     0.000000
   13660     0.000000
   13670     0.000000
   13680     0.000000
   13690     0.000000
   13700     0.000000
   13710     0.000000
   13720     0.000000
   13730     0.000000
   13740     0.000000
   13750     0.000000
   13760     0.000000
   13770     0.000000
   13780     0.000000
   13790     0.000000
   13800     0.000000
   13810     0.000000
   13820     0.000000
   13830     0.000000
   13840     0.000000
   13850     0.000000
   13860     0.000000
   13870     0.000000
   13880     0.000000
   13890     0.000000
   13900     0.000000
   13910     0.000000
   13920     0.000000
   13930     0.000000
   13940     0.000000
   13950     0.000000
   13960     0.000000
   13970     0.000000
   13980     0.000000
   13990     0.000000
   14000     0.000000
   14010     0.000000
   14020     0.000000
   14030     0.000000
   14040     0.000000
   14050     0.000000
   14060     0.000000
   14070     0.000000
   14080     0.000000
   14090     0.000000
   14100     0.000000
   14110     0.000000
   14120     0.000000
   14130     0.000000
   14140     0.000000
   14150     0.000000
   14160     0.000000
   14170     0.000000
   14180     0.000000
   14190     0.000000
   14200     0.000000
   14210     0.000000
   14220     0.000000
   14230     0.000000
   14240     0.000000
   14250     0.000000
   14260     0.000000
   14270     0.000000
   14280     0.000000
   14290     0.000000
   14300     0.000000
   14310     0.000000
   14320     0.000000
   14330     0.000000
   14340     0.000000
   14350     0.000000
   14360     0.000000
   14370     0.000000
   14380     0.000000
   14390     0.000000
   14400     0.000000
   14410     0.000000
   14420     0.000000
   14430     0.000000
   14440     0.000000
   14450     0.000000
   14460     0.000000
   14470     0.000000
   14480     0.000000
   14490     0.000000
   14500     0.000000
   14510     0.000000
   14520     0.000000
   14530     0.000000
   14540     0.000000
   14550     0.000000
   14560     0.000000
   14570     0.000000
   14580     0.000000
   14590     0.000000
   14600     0.000000
   14610     0.000000
   14620     0.000000
   14630     0.000000
   14640     0.000000
   14650     0.000000
   14660     0.000000
   14670     0.000000
   14680     0.000000
   14690     0.000000
   14700     0.000000
   14710     0.000000
   14720     0.000000
   14730     0.000000
   14740     0.000000
   14750     0.000000
   14760     0.000000
   14770     0.000000
   14780     0.000000
   14790     0.000000
   14800     0.000000
   14810     0.000000
   14820     0.000000
   14830     0.000000
   14840     0.000000
   14850     0.000000
   14860     0.000000
   14870     0.000000
   14880     0.000000
   14890     0.000000
   14900     0.000000
   14910     0.000000
   14920     0.000000
   14930     0.000000
   14940     0.000000
   14950     0.000000
   14960     0.000000
   14970     0.000000
   14980     0.000000
   14990     0.000000
   15000     0.000000
   15010     0.000000
   15020     0.000000
   15030     0.000000
   15040     0.000000
   15050     0.000000
   15060     0.000000
   15070     0.000000
   15080     0.000000
   15090     0.000000
   15100     0.000000
   15110     0.000000
   15120     0.000000
   15130     0.000000
   15140     0.000000
   15150     0.000000
   15160     0.000000
   15170     0.000000
   15180     0.000000
   15190     0.000000
   15200     0.000000
   15210     0.000000
   15220     0.000000
   15230     0.000000
   15240     0.000000
   15250     0.000000
   15260     0.000000
   15270     0.000000
   15280     0.000000
   15290     0.000000
   15300     0.000000
   15310     0.000000
   15320     0.000000
   15330     0.000000
   15340     0.000000
   15350     0.000000
   15360     0.000000
   15370     0.000000
   15380     0.000000
   15390     0.000000
   15400     0.000000
   15410     0.000000
   15420     0.000000
   15430     0.000000
   15440     0.000000
   15450     0.000000
   15460     0.000000
   15470     0.000000
   15480     0.000000
   15490     0.000000
   15500     0.000000
   15510     0.000000
   15520     0.000000
   15530     0.000000
   15540     0.000000
   15550     0.000000
   15560     0.000000
   15570     0.000000
   15580     0.000000
   15590     0.000000
   15600     0.000000
   15610     0.000000
   15620     0.000000
   15630     0.000000
   15640     0.000000
   15650     0.000000
   15660     0.000000
   15670     0.000000
   15680     0.000000
   15690     0.000000
   15700     0.000000
   15710     0.000000
   15720     0.000000
   15730     0.000000
   15740     0.000000
   15750     0.000000
   15760     0.000000
   15770     0.000000
   15780     0.000000
   15790     0.000000
   15800     0.000000
   15810     0.000000
   15820     0.000000
   15830     0.000000
   15840     0.000000
   15850     0.000000
   15860     0.000000
   15870     0.000000
   15880     0.000000
   15890     0.000000
   15900     0.000000
   15910     0.000000
   15920     0.000000
   15930     0.000000
   15940     0.000000
   15950     0.000000
   15960     0.000000
   15970     0.000000
   15980     0.000000
   15990     0.000000
