       0     0.000000
      10     0.000000
      20     0.000000
      30     0.000000
      40     0.000000
      50     0.000000
      60     0.000000
      70     0.000000
      80     0.000000
      90     0.000000
     100     0.000000
     110     0.000000
     120     0.000000
     130     0.000000
     140     0.000000
     150     0.000000
     160     0.000000
     170     0.000000
     180     0.000000
     190     0.000000
     200     0.000000
     210     0.000000
     220     0.000000
     230     0.000000
     240     0.000000
     250     0.000000
     260     0.000000
     270     0.000000
     280     0.000000
     290     0.000000
     300     0.000000
     310     0.000000
     320     0.000000
     330     0.000000
     340     0.000000
     350     0.000000
     360     0.000000
     370     0.000000
     380     0.000000
     390     0.000000
     400     0.000000
     410     0.000000
     420     0.000000
     430     0.000000
     440     0.000000
     450     0.000000
     460     0.000000
     470     0.000000
     480     0.000000
     490     0.000000
     500     0.000000
     510     0.000000
     520     0.000000
     530     0.000000
     540     0.000000
     550     0.000000
     560     0.000000
     570     0.000000
     580     0.000000
     590     0.000000
     600     0.000000
     610     0.000000
     620     0.000000
     630     0.000000
     640     0.000000
     650     0.000000
     660     0.000000
     670     0.000000
     680     0.000000
     690     0.000000
     700     0.000000
     710     0.000000
     720     0.000000
     730     0.000000
     740     0.000000
     750     0.000000
     760     0.000000
     770     0.000000
     780     0.000000
     790     0.000000
     800     0.000000
     810     0.000000
     820     0.000000
     830     0.000000
     840     0.000000
     850     0.000000
     860     0.000000
     870     0.000000
     880     0.000000
     890     0.000000
     900     0.000000
     910     0.000000
     920     0.000000
     930     0.000000
     940     0.000000
     950     0.000000
     960     0.000000
     970     0.000000
     980     0.000000
     990     0.000000
    1000     0.000000
    1010     0.000000
    1020     0.000000
    1030     0.000000
    1040     0.000000
    1050     0.000000
    1060     0.000000
    1070     0.000000
    1080     0.000000
    1090     0.000000
    1100     0.000000
    1110     0.000000
    1120     0.000000
    1130     0.000000
    1140     0.000000
    1150     0.000000
    1160     0.000000
    1170     0.000000
    1180     0.000000
    1190     0.000000
    1200     0.000000
    1210     0.000000
    1220     0.000000
    1230     0.000000
    1240     0.000000
    1250     0.000000
    1260     0.000000
    1270     0.000000
    1280     0.000000
    1290     0.000000
    1300     0.000000
    1310     0.000000
    1320     0.000000
    1330     0.000000
    1340     0.000000
    1350     0.000000
    1360     0.000000
    1370     0.000000
    1380     0.000000
    1390     0.000000
    1400     0.000000
    1410     0.000000
    1420     0.000000
    1430     0.000000
    1440     0.000000
    1450     0.000000
    1460     0.000000
    1470     0.000000
    1480     0.000000
    1490     0.000000
    1500     0.000000
    1510     0.000000
    1520     0.000000
    1530     0.000000
    1540     0.000000
    1550     0.000000
    1560     0.000000
    1570     0.000000
    1580     0.000000
    1590     0.000000
    1600     0.000000
    1610     0.000000
    1620     0.000000
    1630     0.000000
    1640     0.000000
    1650     0.000000
    1660     0.000000
    1670     0.000000
    1680     0.000000
    1690     0.000000
    1700     0.000000
    1710     0.000000
    1720     0.000000
    1730     0.000000
    1740     0.000000
    1750     0.000000
    1760     0.000000
    1770     0.000000
    1780     0.000000
    1790     0.000000
    1800     0.000000
    1810     0.000000
    1820     0.000000
    1830     0.000000
    1840     0.000000
    1850     0.000000
    1860     0.000000
    1870     0.000000
    1880     0.000000
    1890     0.000000
    1900     0.000000
    1910     0.000000
    1920     0.000000
    1930     0.000000
    1940     0.000000
    1950     0.000000
    1960     0.000000
    1970     0.000000
    1980     0.000000
    1990     0.000000
    2000     0.000000
    2010     0.000000
    2020     0.000000
    2030     0.000000
    2040     0.000000
    2050     0.000000
    2060     0.000000
    2070     0.000000
    2080     0.000000
    2090     0.000000
    2100     0.000000
    2110     0.000000
    2120     0.000000
    2130     0.000000
    2140     0.000000
    2150     0.000000
    2160     0.000000
    2170     0.000000
    2180     0.000000
    2190     0.000000
    2200     0.000000
    2210     0.000000
    2220     0.000000
    2230     0.000000
    2240     0.000000
    2250     0.000000
    2260     0.000000
    2270     0.000000
    2280     0.000000
    2290     0.000000
    2300     0.000000
    2310     0.000000
    2320     0.000000
    2330     0.000000
    2340     0.000000
    2350     0.000000
    2360     0.000000
    2370     0.000000
    2380     0.000000
    2390     0.000000
    2400     0.000000
    2410     0.000000
    2420     0.000000
    2430     0.000000
    2440     0.000000
    2450     0.000000
    2460     0.000000
    2470     0.000000
    2480     0.000000
    2490     0.000000
    2500     0.000000
    2510     0.000000
    2520     0.000000
    2530     0.000000
    2540     0.000000
    2550     0.000000
    2560     0.000000
    2570     0.000000
    2580     0.000000
    2590     0.000000
    2600     0.000000
    2610     0.000000
    2620     0.000000
    2630     0.000000
    2640     0.000000
    2650     0.000000
    2660     0.000000
    2670     0.000000
    2680     0.000000
    2690     0.000000
    2700     0.000000
    2710     0.000000
    2720     0.000000
    2730     0.000000
    2740     0.000000
    2750     0.000000
    2760     0.000000
    2770     0.000000
    2780     0.000000
    2790     0.000000
    2800     0.000000
    2810     0.000000
    2820     0.000000
    2830     0.000000
    2840     0.000000
    2850     0.000000
    2860     0.000000
    2870     0.000000
    2880     0.000000
    2890     0.000000
    2900     0.000000
    2910     0.000000
    2920     0.000000
    2930     0.000000
    2940     0.000000
    2950     0.000000
    2960     0.000000
    2970     0.000000
    2980     0.000000
    2990     0.000000
    3000     0.000000
    3010     0.000000
    3020     0.000000
    3030     0.000000
    3040     0.000000
    3050     0.000000
    3060     0.000000
    3070     0.000000
    3080     0.000000
    3090     0.000000
    3100     0.000000
    3110     0.000000
    3120     0.000000
    3130     0.000000
    3140     0.000000
    3150     0.000000
    3160     0.000000
    3170     0.000000
    3180     0.000000
    3190     0.000000
    3200     0.000000
    3210     0.000000
    3220     0.000000
    3230     0.000000
    3240     0.000000
    3250     0.000000
    3260     0.000000
    3270     0.000000
    3280     0.000000
    3290     0.000000
    3300     0.000000
    3310     0.000000
    3320     0.000000
    3330     0.000000
    3340     0.000000
    3350     0.000000
    3360     0.000000
    3370     0.000000
    3380     0.000000
    3390     0.000000
    3400     0.000000
    3410     0.000000
    3420     0.000000
    3430     0.000000
    3440     0.000000
    3450     0.000000
    3460     0.000000
    3470     0.000000
    3480     0.000000
    3490     0.000000
    3500     0.000000
    3510     0.000000
    3520     0.000000
    3530     0.000000
    3540     0.000000
    3550     0.000000
    3560     0.000000
    3570     0.000000
    3580     0.000000
    3590     0.000000
    3600     0.000000
    3610     0.000000
    3620     0.000000
    3630     0.000000
    3640     0.000000
    3650     0.000000
    3660     0.000000
    3670     0.000000
    3680     0.000000
    3690     0.000000
    3700     0.000000
    3710     0.000000
    3720     0.000000
    3730     0.000000
    3740     0.000000
    3750     0.000000
    3760     0.000000
    3770     0.000000
    3780     0.000000
    3790     0.000000
    3800     0.000000
    3810     0.000000
    3820     0.000000
    3830     0.000000
    3840     0.000000
    3850     0.000000
    3860     0.000000
    3870     0.000000
    3880     0.000000
    3890     0.000000
    3900     0.000000
    3910     0.000000
    3920     0.000000
    3930     0.000000
    3940     0.000000
    3950     0.000000
    3960     0.000000
    3970     0.000000
    3980     0.000000
    3990     0.000000
    4000     0.000000
    4010     0.000000
    4020     0.000000
    4030     0.000000
    4040     0.000000
    4050     0.000000
    4060     0.000000
    4070     0.000000
    4080     0.000000
    4090     0.000000
    4100     0.000000
    4110     0.000000
    4120     0.000000
    4130     0.000000
    4140     0.000000
    4150     0.000000
    4160     0.000000
    4170     0.000000
    4180     0.000000
    4190     0.000000
    4200     0.000000
    4210     0.000000
    4220     0.000000
    4230     0.000000
    4240     0.000000
    4250     0.000000
    4260     0.000000
    4270     0.000000
    4280     0.000000
    4290     0.000000
    4300     0.000000
    4310     0.000000
    4320     0.000000
    4330     0.000000
    4340     0.000000
    4350     0.000000
    4360     0.000000
    4370     0.000000
    4380     0.000000
    4390     0.000000
    4400     0.000000
    4410     0.000000
    4420     0.000000
    4430     0.000000
    4440     0.000000
    4450     0.000000
    4460     0.000000
    4470     0.000000
    4480     0.000000
    4490     0.000000
    4500     0.000000
    4510     0.000000
    4520     0.000000
    4530     0.000000
    4540     0.000000
    4550     0.000000
    4560     0.000000
    4570     0.000000
    4580     0.000000
    4590     0.000000
    4600     0.000000
    4610     0.000000
    4620     0.000000
    4630     0.000000
    4640     0.000000
    4650     0.000000
    4660     0.000000
    4670     0.000000
    4680     0.000000
    4690     0.000000
    4700     0.000000
    4710     0.000000
    4720     0.000000
    4730     0.000000
    4740     0.000000
    4750     0.000000
    4760     0.000000
    4770     0.000000
    4780     0.000000
    4790     0.000000
    4800     0.000000
    4810     0.000000
    4820     0.000000
    4830     0.000000
    4840     0.000000
    4850     0.000000
    4860     0.000000
    4870     0.000000
    4880     0.000000
    4890     0.000000
    4900     0.000000
    4910     0.000000
    4920     0.000000
    4930     0.000000
    4940     0.000000
    4950     0.000000
    4960     0.000000
    4970     0.000000
    4980     0.000000
    4990     0.000000
    5000     0.000000
    5010     0.000000
    5020     0.000000
    5030     0.000000
    5040     0.000000
    5050     0.000000
    5060     0.000000
    5070     0.000000
    5080     0.000000
    5090     0.000000
    5100     0.000000
    5110     0.000000
    5120     0.000000
    5130     0.000000
    5140     0.000000
    5150     0.000000
    5160     0.000000
    5170     0.000000
    5180     0.000000
    5190     0.000000
    5200     0.000000
    5210     0.000000
    5220     0.000000
    5230     0.000000
    5240     0.000000
    5250     0.000000
    5260     0.000000
    5270     0.000000
    5280     0.000000
    5290     0.000000
    5300     0.000000
    5310     0.000000
    5320     0.000000
    5330     0.000000
    5340     0.000000
    5350     0.000000
    5360     0.000000
    5370     0.000000
    5380     0.000000
    5390     0.000000
    5400     0.000000
    5410     0.000000
    5420     0.000000
    5430     0.000000
    5440     0.000000
    5450     0.000000
    5460     0.000000
    5470     0.000000
    5480     0.000000
    5490     0.000000
    5500     0.000000
    5510     0.000000
    5520     0.000000
    5530     0.000000
    5540     0.000000
    5550     0.000000
    5560     0.000000
    5570     0.000000
    5580     0.000000
    5590     0.000000
    5600     0.000000
    5610     0.000000
    5620     0.000000
    5630     0.000000
    5640     0.000000
    5650     0.000000
    5660     0.000000
    5670     0.000000
    5680     0.000000
    5690     0.000000
    5700     0.000000
    5710     0.000000
    5720     0.000000
    5730     0.000000
    5740     0.000000
    5750     0.000000
    5760     0.000000
    5770     0.000000
    5780     0.000000
    5790     0.000000
    5800     0.000000
    5810     0.000000
    5820     0.000000
    5830     0.000000
    5840     0.000000
    5850     0.000000
    5860     0.000000
    5870     0.000000
    5880     0.000000
    5890     0.000000
    5900     0.000000
    5910     0.000000
    5920     0.000000
    5930     0.000000
    5940     0.000000
    5950     0.000000
    5960     0.000000
    5970     0.000000
    5980     0.000000
    5990     0.000000
    6000     0.000000
    6010     0.000000
    6020     0.000000
    6030     0.000000
    6040     0.000000
    6050     0.000000
    6060     0.000000
    6070     0.000000
    6080     0.000000
    6090     0.000000
    6100     0.000000
    6110     0.000000
    6120     0.000000
    6130     0.000000
    6140     0.000000
    6150     0.000000
    6160     0.000000
    6170     0.000000
    6180     0.000000
    6190     0.000000
    6200     0.000000
    6210     0.000000
    6220     0.000000
    6230     0.000000
    6240     0.000000
    6250     0.000000
    6260     0.000000
    6270     0.000000
    6280     0.000000
    6290     0.000000
    6300     0.000000
    6310     0.000000
    6320     0.000000
    6330     0.000000
    6340     0.000000
    6350     0.000000
    6360     0.000000
    6370     0.000000
    6380     0.000000
    6390     0.000000
    6400     0.000000
    6410     0.000000
    6420     0.000000
    6430     0.000000
    6440     0.000000
    6450     0.000000
    6460     0.000000
    6470     0.000000
    6480     0.000000
    6490     0.000000
    6500     0.000000
    6510     0.000000
    6520     0.000000
    6530     0.000000
    6540     0.000000
    6550     0.000000
    6560     0.000000
    6570     0.000000
    6580     0.000000
    6590     0.000000
    6600     0.000000
    6610     0.000000
    6620     0.000000
    6630     0.000000
    6640     0.000000
    6650     0.000000
    6660     0.000000
    6670     0.000000
    6680     0.000000
    6690     0.000000
    6700     0.000000
    6710     0.000000
    6720     0.000000
    6730     0.000000
    6740     0.000000
    6750     0.000000
    6760     0.000000
    6770     0.000000
    6780     0.000000
    6790     0.000000
    6800     0.000000
    6810     0.000000
    6820     0.000000
    6830     0.000000
    6840     0.000000
    6850     0.000000
    6860     0.000000
    6870     0.000000
    6880     0.000000
    6890     0.000000
    6900     0.000000
    6910     0.000000
    6920     0.000000
    6930     0.000000
    6940     0.000000
    6950     0.000000
    6960     0.000000
    6970     0.000000
    6980     0.000000
    6990     0.000000
    7000     0.000000
    7010     0.000000
    7020     0.000000
    7030     0.000000
    7040     0.000000
    7050     0.000000
    7060     0.000000
    7070     0.000000
    7080     0.000000
    7090     0.000000
    7100     0.000000
    7110     0.000000
    7120     0.000000
    7130     0.000000
    7140     0.000000
    7150     0.000000
    7160     0.000000
    7170     0.000000
    7180     0.000000
    7190     0.000000
    7200     0.000000
    7210     0.000000
    7220     0.000000
    7230     0.000000
    7240     0.000000
    7250     0.000000
    7260     0.000000
    7270     0.000000
    7280     0.000000
    7290     0.000000
    7300     0.000000
    7310     0.000000
    7320     0.000000
    7330     0.000000
    7340     0.000000
    7350     0.000000
    7360     0.000000
    7370     0.000000
    7380     0.000000
    7390     0.000000
    7400     0.000000
    7410     0.000000
    7420     0.000000
    7430     0.000000
    7440     0.000000
    7450     0.000000
    7460     0.000000
    7470     0.000000
    7480     0.000000
    7490     0.000000
    7500     0.000000
    7510     0.000000
    7520     0.000000
    7530     0.000000
    7540     0.000000
    7550     0.000000
    7560     0.000000
    7570     0.000000
    7580     0.000000
    7590     0.000000
    7600     0.000000
    7610     0.000000
    7620     0.000000
    7630     0.000000
    7640     0.000000
    7650     0.000000
    7660     0.000000
    7670     0.000000
    7680     0.000000
    7690     0.000000
    7700     0.000000
    7710     0.000000
    7720     0.000000
    7730     0.000000
    7740     0.000000
    7750     0.000000
    7760     0.000000
    7770     0.000000
    7780     0.000000
    7790     0.000000
    7800     0.000000
    7810     0.000000
    7820     0.000000
    7830     0.000000
    7840     0.000000
    7850     0.000000
    7860     0.000000
    7870     0.000000
    7880     0.000000
    7890     0.000000
    7900     0.000000
    7910     0.000000
    7920     0.000000
    7930     0.000000
    7940     0.000000
    7950     0.000000
    7960     0.000000
    7970     0.000000
    7980     0.000000
    7990     0.000000
    8000     0.000000
    8010     0.000000
    8020     0.000000
    8030     0.000000
    8040     0.000000
    8050     0.000000
    8060     0.000000
    8070     0.000000
    8080     0.000000
    8090     0.000000
    8100     0.000000
    8110     0.000000
    8120     0.000000
    8130     0.000000
    8140     0.000000
    8150     0.000000
    8160     0.000000
    8170     0.000001
    8180     0.000001
    8190     0.000001
    8200     0.000001
    8210     0.000001
    8220     0.000001
    8230     0.000001
    8240     0.000001
    8250     0.000001
    8260     0.000001
    8270     0.000001
    8280     0.000001
    8290     0.000001
    8300     0.000001
    8310     0.000001
    8320     0.000001
    8330     0.000001
    8340     0.000001
    8350     0.000001
    8360     0.000001
    8370     0.000001
    8380     0.000002
    8390     0.000002
    8400     0.000002
    8410     0.000002
    8420     0.000002
    8430     0.000002
    8440     0.000002
    8450     0.000002
    8460     0.000002
    8470     0.000002
    8480     0.000003
    8490     0.000003
    8500     0.000003
    8510     0.000003
    8520     0.000003
    8530     0.000003
    8540     0.000003
    8550     0.000004
    8560     0.000004
    8570     0.000004
    8580     0.000004
    8590     0.000004
    8600     0.000005
    8610     0.000005
    8620     0.000005
    8630     0.000005
    8640     0.000005
    8650     0.000006
    8660     0.000006
    8670     0.000006
    8680     0.000007
    8690     0.000007
    8700     0.000007
    8710     0.000007
    8720     0.000008
    8730     0.000008
    8740     0.000009
    8750     0.000009
    8760     0.000009
    8770     0.000010
    8780     0.000010
    8790     0.000011
    8800     0.000011
    8810     0.000011
    8820     0.000012
    8830     0.000012
    8840     0.000013
    8850     0.000014
    8860     0.000014
    8870     0.000015
    8880     0.000015
    8890     0.000016
    8900     0.000017
    8910     0.000017
    8920     0.000018
    8930     0.000019
    8940     0.000019
    8950     0.000020
    8960     0.000021
    8970     0.000022
    8980     0.000023
    8990     0.000024
    9000     0.000024
    9010     0.000025
    9020     0.000026
    9030     0.000027
    9040     0.000028
    9050     0.000029
    9060     0.000031
    9070     0.000032
    9080     0.000033
    9090     0.000034
    9100     0.000035
    9110     0.000036
    9120     0.000038
    9130     0.000039
    9140     0.000041
    9150     0.000042
    9160     0.000043
    9170     0.000045
    9180     0.000046
    9190     0.000048
    9200     0.000050
    9210     0.000051
    9220     0.000053
    9230     0.000055
    9240     0.000057
    9250     0.000058
    9260     0.000060
    9270     0.000062
    9280     0.000064
    9290     0.000066
    9300     0.000068
    9310     0.000070
    9320     0.000073
    9330     0.000075
    9340     0.000077
    9350     0.000080
    9360     0.000082
    9370     0.000085
    9380     0.000087
    9390     0.000090
    9400     0.000092
    9410     0.000095
    9420     0.000098
    9430     0.000100
    9440     0.000103
    9450     0.000106
    9460     0.000109
    9470     0.000112
    9480     0.000115
    9490     0.000118
    9500     0.000121
    9510     0.000125
    9520     0.000128
    9530     0.000131
    9540     0.000135
    9550     0.000138
    9560     0.000142
    9570     0.000146
    9580     0.000149
    9590     0.000153
    9600     0.000157
    9610     0.000160
    9620     0.000164
    9630     0.000168
    9640     0.000172
    9650     0.000176
    9660     0.000181
    9670     0.000185
    9680     0.000189
    9690     0.000193
    9700     0.000197
    9710     0.000201
    9720     0.000206
    9730     0.000210
    9740     0.000215
    9750     0.000220
    9760     0.000225
    9770     0.000230
    9780     0.000235
    9790     0.000239
    9800     0.000243
    9810     0.000248
    9820     0.000252
    9830     0.000257
    9840     0.000262
    9850     0.000268
    9860     0.000274
    9870     0.000279
    9880     0.000284
    9890     0.000289
    9900     0.000294
    9910     0.000298
    9920     0.000303
    9930     0.000308
    9940     0.000313
    9950     0.000319
    9960     0.000325
    9970     0.000332
    9980     0.000337
    9990     0.000342
   10000     0.000347
   10010     0.000351
   10020     0.000355
   10030     0.000360
   10040     0.000365
   10050     0.000371
   10060     0.000378
   10070     0.000385
   10080     0.000391
   10090     0.000397
   10100     0.000401
   10110     0.000405
   10120     0.000408
   10130     0.000411
   10140     0.000416
   10150     0.000422
   10160     0.000429
   10170     0.000437
   10180     0.000444
   10190     0.000450
   10200     0.000454
   10210     0.000456
   10220     0.000458
   10230     0.000460
   10240     0.000464
   10250     0.000469
   10260     0.000476
   10270     0.000485
   10280     0.000493
   10290     0.000499
   10300     0.000503
   10310     0.000504
   10320     0.000504
   10330     0.000504
   10340     0.000505
   10350     0.000509
   10360     0.000516
   10370     0.000525
   10380     0.000534
   10390     0.000542
   10400     0.000546
   10410     0.000546
   10420     0.000544
   10430     0.000540
   10440     0.000538
   10450     0.000540
   10460     0.000546
   10470     0.000555
   10480     0.000566
   10490     0.000575
   10500     0.000580
   10510     0.000580
   10520     0.000575
   10530     0.000567
   10540     0.000561
   10550     0.000559
   10560     0.000563
   10570     0.000572
   10580     0.000584
   10590     0.000596
   10600     0.000603
   10610     0.000603
   10620     0.000596
   10630     0.000584
   10640     0.000573
   10650     0.000565
   10660     0.000566
   10670     0.000574
   10680     0.000588
   10690     0.000604
   10700     0.000614
   10710     0.000616
   10720     0.000608
   10730     0.000592
   10740     0.000573
   10750     0.000559
   10760     0.000554
   10770     0.000561
   10780     0.000576
   10790     0.000596
   10800     0.000611
   10810     0.000617
   10820     0.000609
   10830     0.000590
   10840     0.000564
   10850     0.000542
   10860     0.000530
   10870     0.000532
   10880     0.000548
   10890     0.000572
   10900     0.000594
   10910     0.000606
   10920     0.000601
   10930     0.000580
   10940     0.000548
   10950     0.000516
   10960     0.000494
   10970     0.000490
   10980     0.000504
   10990     0.000532
   11000     0.000562
   11010     0.000582
   11020     0.000583
   11030     0.000563
   11040     0.000526
   11050     0.000484
   11060     0.000451
   11070     0.000437
   11080     0.000447
   11090     0.000478
   11100     0.000516
   11110     0.000547
   11120     0.000558
   11130     0.000542
   11140     0.000502
   11150     0.000451
   11160     0.000404
   11170     0.000378
   11180     0.000381
   11190     0.000412
   11200     0.000457
   11210     0.000501
   11220     0.000524
   11230     0.000516
   11240     0.000477
   11250     0.000419
   11260     0.000360
   11270     0.000319
   11280     0.000311
   11290     0.000338
   11300     0.000389
   11310     0.000444
   11320     0.000483
   11330     0.000488
   11340     0.000455
   11350     0.000392
   11360     0.000321
   11370     0.000265
   11380     0.000242
   11390     0.000261
   11400     0.000313
   11410     0.000380
   11420     0.000435
   11430     0.000456
   11440     0.000434
   11450     0.000373
   11460     0.000292
   11470     0.000220
   11480     0.000180
   11490     0.000186
   11500     0.000236
   11510     0.000310
   11520     0.000381
   11530     0.000421
   11540     0.000414
   11550     0.000360
   11560     0.000275
   11570     0.000189
   11580     0.000130
   11590     0.000120
   11600     0.000161
   11610     0.000238
   11620     0.000323
   11630     0.000383
   11640     0.000395
   11650     0.000354
   11660     0.000270
   11670     0.000174
   11680     0.000098
   11690     0.000068
   11700     0.000095
   11710     0.000169
   11720     0.000263
   11730     0.000342
   11740     0.000376
   11750     0.000352
   11760     0.000277
   11770     0.000176
   11780     0.000084
   11790     0.000034
   11800     0.000044
   11810     0.000109
   11820     0.000206
   11830     0.000299
   11840     0.000355
   11850     0.000353
   11860     0.000291
   11870     0.000192
   11880     0.000091
   11890     0.000022
   11900     0.000011
   11910     0.000061
   11920     0.000155
   11930     0.000258
   11940     0.000333
   11950     0.000354
   11960     0.000311
   11970     0.000221
   11980     0.000115
   11990     0.000032
   12000     0.000000
   12010     0.000000
   12020     0.000000
   12030     0.000000
   12040     0.000000
   12050     0.000000
   12060     0.000000
   12070     0.000000
   12080     0.000000
   12090     0.000000
   12100     0.000000
   12110     0.000000
   12120     0.000000
   12130     0.000000
   12140     0.000000
   12150     0.000000
   12160     0.000000
   12170     0.000000
   12180     0.000000
   12190     0.000000
   12200     0.000000
   12210     0.000000
   12220     0.000000
   12230     0.000000
   12240     0.000000
   12250     0.000000
   12260     0.000000
   12270     0.000000
   12280     0.000000
   12290     0.000000
   12300     0.000000
   12310     0.000000
   12320     0.000000
   12330     0.000000
   12340     0.000000
   12350     0.000000
   12360     0.000000
   12370     0.000000
   12380     0.000000
   12390     0.000000
   12400     0.000000
   12410     0.000000
   12420     0.000000
   12430     0.000000
   12440     0.000000
   12450     0.000000
   12460     0.000000
   12470     0.000000
   12480     0.000000
   12490     0.000000
   12500     0.000000
   12510     0.000000
   12520     0.000000
   12530     0.000000
   12540     0.000000
   12550     0.000000
   12560     0.000000
   12570     0.000000
   12580     0.000000
   12590     0.000000
   12600     0.000000
   12610     0.000000
   12620     0.000000
   12630     0.000000
   12640     0.000000
   12650     0.000000
   12660     0.000000
   12670     0.000000
   12680     0.000000
   12690     0.000000
   12700     0.000000
   12710     0.000000
   12720     0.000000
   12730     0.000000
   12740     0.000000
   12750     0.000000
   12760     0.000000
   12770     0.000000
   12780     0.000000
   12790     0.000000
   12800     0.000000
   12810     0.000000
   12820     0.000000
   12830     0.000000
   12840     0.000000
   12850     0.000000
   12860     0.000000
   12870     0.000000
   12880     0.000000
   12890     0.000000
   12900     0.000000
   12910     0.000000
   12920     0.000000
   12930     0.000000
   12940     0.000000
   12950     0.000000
   12960     0.000000
   12970     0.000000
   12980     0.000000
   12990     0.000000
   13000     0.000000
   13010     0.000000
   13020     0.000000
   13030     0.000000
   13040     0.000000
   13050     0.000000
   13060     0.000000
   13070     0.000000
   13080     0.000000
   13090     0.000000
   13100     0.000000
   13110     0.000000
   13120     0.000000
   13130     0.000000
   13140     0.000000
   13150     0.000000
   13160     0.000000
   13170     0.000000
   13180     0.000000
   13190     0.000000
   13200     0.000000
   13210     0.000000
   13220     0.000000
   13230     0.000000
   13240     0.000000
   13250     0.000000
   13260     0.000000
   13270     0.000000
   13280     0.000000
   13290     0.000000
   13300     0.000000
   13310     0.000000
   13320     0.000000
   13330     0.000000
   13340     0.000000
   13350     0.000000
   13360     0.000000
   13370     0.000000
   13380     0.000000
   13390     0.000000
   13400     0.000000
   13410     0.000000
   13420     0.000000
   13430     0.000000
   13440     0.000000
   13450     0.000000
   13460     0.000000
   13470     0.000000
   13480     0.000000
   13490     0.000000
   13500     0.000000
   13510     0.000000
   13520     0.000000
   13530     0.000000
   13540     0.000000
   13550     0.000000
   13560     0.000000
   13570     0.000000
   13580     0.000000
   13590     0.000000
   13600     0.000000
   13610     0.000000
   13620     0.000000
   13630     0.000000
   13640     0.000000
   13650     0.000000
   13660     0.000000
   13670     0.000000
   13680     0.000000
   13690     0.000000
   13700     0.000000
   13710     0.000000
   13720     0.000000
   13730     0.000000
   13740     0.000000
   13750     0.000000
   13760     0.000000
   13770     0.000000
   13780     0.000000
   13790     0.000000
   13800     0.000000
   13810     0.000000
   13820     0.000000
   13830     0.000000
   13840     0.000000
   13850     0.000000
   13860     0.000000
   13870     0.000000
   13880     0.000000
   13890     0.000000
   13900     0.000000
   13910     0.000000
   13920     0.000000
   13930     0.000000
   13940     0.000000
   13950     0.000000
   13960     0.000000
   13970     0.000000
   13980     0.000000
   13990     0.000000
   14000     0.000000
   14010     0.000000
   14020     0.000000
   14030     0.000000
   14040     0.000000
   14050     0.000000
   14060     0.000000
   14070     0.000000
   14080     0.000000
   14090     0.000000
   14100     0.000000
   14110     0.000000
   14120     0.000000
   14130     0.000000
   14140     0.000000
   14150     0.000000
   14160     0.000000
   14170     0.000000
   14180     0.000000
   14190     0.000000
   14200     0.000000
   14210     0.000000
   14220     0.000000
   14230     0.000000
   14240     0.000000
   14250     0.000000
   14260     0.000000
   14270     0.000000
   14280     0.000000
   14290     0.000000
   14300     0.000000
   14310     0.000000
   14320     0.000000
   14330     0.000000
   14340     0.000000
   14350     0.000000
   14360     0.000000
   14370     0.000000
   14380     0.000000
   14390     0.000000
   14400     0.000000
   14410     0.000000
   14420     0.000000
   14430     0.000000
   14440     0.000000
   14450     0.000000
   14460     0.000000
   14470     0.000000
   14480     0.000000
   14490     0.000000
   14500     0.000000
   14510     0.000000
   14520     0.000000
   14530     0.000000
   14540     0.000000
   14550     0.000000
   14560     0.000000
   14570     0.000000
   14580     0.000000
   14590     0.000000
   14600     0.000000
   14610     0.000000
   14620     0.000000
   14630     0.000000
   14640     0.000000
   14650     0.000000
   14660     0.000000
   14670     0.000000
   14680     0.000000
   14690     0.000000
   14700     0.000000
   14710     0.000000
   14720     0.000000
   14730     0.000000
   14740     0.000000
   14750     0.000000
   14760     0.000000
   14770     0.000000
   14780     0.000000
   14790     0.000000
   14800     0.000000
   14810     0.000000
   14820     0.000000
   14830     0.000000
   14840     0.000000
   14850     0.000000
   14860     0.000000
   14870     0.000000
   14880     0.000000
   14890     0.000000
   14900     0.000000
   14910     0.000000
   14920     0.000000
   14930     0.000000
   14940     0.000000
   14950     0.000000
   14960     0.000000
   14970     0.000000
   14980     0.000000
   14990     0.000000
   15000     0.000000
   15010     0.000000
   15020     0.000000
   15030     0.000000
   15040     0.000000
   15050     0.000000
   15060     0.000000
   15070     0.000000
   15080     0.000000
   15090     0.000000
   15100     0.000000
   15110     0.000000
   15120     0.000000
   15130     0.000000
   15140     0.000000
   15150     0.000000
   15160     0.000000
   15170     0.000000
   15180     0.000000
   15190     0.000000
   15200     0.000000
   15210     0.000000
   15220     0.000000
   15230     0.000000
   15240     0.000000
   15250     0.000000
   15260     0.000000
   15270     0.000000
   15280     0.000000
   15290     0.000000
   15300     0.000000
   15310     0.000000
   15320     0.000000
   15330     0.000000
   15340     0.000000
   15350     0.000000
   15360     0.000000
   15370     0.000000
   15380     0.000000
   15390     0.000000
   15400     0.000000
   15410     0.000000
   15420     0.000000
   15430     0.000000
   15440     0.000000
   15450     0.000000
   15460     0.000000
   15470     0.000000
   15480     0.000000
   15490     0.000000
   15500     0.000000
   15510     0.000000
   15520     0.000000
   15530     0.000000
   15540     0.000000
   15550     0.000000
   15560     0.000000
   15570     0.000000
   15580     0.000000
   15590     0.000000
   15600     0.000000
   15610     0.000000
   15620     0.000000
   15630     0.000000
   15640     0.000000
   15650     0.000000
   15660     0.000000
   15670     0.000000
   15680     0.000000
   15690     0.000000
   15700     0.000000
   15710     0.000000
   15720     0.000000
   15730     0.000000
   15740     0.000000
   15750     0.000000
   15760     0.000000
   15770     0.000000
   15780     0.000000
   15790     0.000000
   15800     0.000000
   15810     0.000000
   15820     0.000000
   15830     0.000000
   15840     0.000000
   15850     0.000000
   15860     0.000000
   15870     0.000000
   15880     0.000000
   15890     0.000000
   15900     0.000000
   15910     0.000000
   15920     0.000000
   15930     0.000000
   15940     0.000000
   15950     0.000000
   15960     0.000000
   15970     0.000000
   15980     0.000000
   15990     0.000000
